DATE	1	7	30	90	180	270	360	720	1080	1440	1800	2160	2520	2880	3240	3600	5400	7200	9000	10800
20220831	0.025368781	0.025379327	0.025419787	0.026052302	0.026800313	0.027598467	0.028317754	0.03091544	0.033011443	0.034621002	0.035271463	0.036169977	0.037119002	0.037990392	0.038882149	0.03980484	0.044390012	0.048250287	0.052738341	0.057762349
20220830	0.024778809	0.025379327	0.025419787	0.025992549	0.0268615	0.027598467	0.028382259	0.030838588	0.032858587	0.034962429	0.035271002	0.035689536	0.03668509	0.037816642	0.039035643	0.040300685	0.044023313	0.048539408	0.051095666	0.058120876
20220829	0.024778809	0.025379327	0.025536659	0.026052302	0.026677937	0.027535168	0.028382259	0.030837101	0.033101205	0.035398107	0.035650357	0.035864789	0.036628805	0.038078298	0.03958977	0.040653033	0.043689237	0.047526707	0.049330708	0.055050457
20220826	0.025071435	0.025379327	0.025536659	0.026052302	0.026677937	0.027535168	0.028382259	0.030561536	0.032545494	0.034384092	0.034628422	0.035167164	0.035786559	0.037213682	0.038676601	0.039363501	0.042589594	0.045205988	0.04857333	0.052003004
20220825	0.024778809	0.025379327	0.025536659	0.026231561	0.026983876	0.027969483	0.02870619	0.031017238	0.033381568	0.035521942	0.035929404	0.036374618	0.036974834	0.038369209	0.039795315	0.040505995	0.043706677	0.045966274	0.047311164	0.053242957
20220824	0.024778809	0.025356959	0.025536659	0.026291314	0.027045065	0.028083269	0.028837323	0.031181366	0.033521693	0.035466012	0.036182327	0.036452046	0.037521534	0.038765019	0.039930803	0.040768619	0.043739163	0.046688435	0.049164159	0.0504815
20220823	0.024778809	0.025262317	0.025536659	0.026291314	0.027167441	0.02809172	0.028833711	0.030948217	0.033298954	0.035047126	0.035845501	0.036153627	0.037778708	0.039008705	0.040095175	0.041002881	0.044800047	0.047837867	0.051204176	0.05221898
20220822	0.024778809	0.025147024	0.025127605	0.026171808	0.027106253	0.028088859	0.028704772	0.030950232	0.033295663	0.035259428	0.035945759	0.036346424	0.038273539	0.039630391	0.040780207	0.041719497	0.046154394	0.049650298	0.053238792	0.055917649
20220819	0.024778809	0.024821803	0.025127605	0.026171808	0.027161145	0.028078909	0.02870472	0.030930352	0.033405903	0.035576667	0.036548668	0.036894327	0.039158343	0.040302096	0.041131583	0.042226441	0.046404496	0.050549757	0.052377848	0.060770654
20220818	0.024778809	0.024789111	0.025127605	0.026231561	0.027218459	0.02808508	0.028704778	0.031154665	0.033529854	0.035861059	0.036524197	0.037077646	0.039486962	0.040672357	0.04151322	0.042702592	0.04625894	0.050072342	0.052785276	0.059529361
20220817	0.024778809	0.024789111	0.025127605	0.026171808	0.027228629	0.028093669	0.028575916	0.031371912	0.03384689	0.036196386	0.037134651	0.037386933	0.039665957	0.041050911	0.042064579	0.043267175	0.046945044	0.050801598	0.05594119	0.059023233
20220816	0.024247835	0.024789111	0.025127605	0.026112055	0.027412192	0.02816816	0.029220845	0.032245255	0.03521845	0.03770655	0.038533568	0.038603532	0.040896998	0.042493845	0.043778791	0.045166934	0.048385685	0.051912744	0.05692403	0.057426283
20220815	0.024247835	0.024789111	0.025361351	0.025813291	0.027228629	0.028085896	0.029221064	0.033131533	0.035896093	0.038219148	0.03869298	0.038840746	0.040112151	0.041595863	0.043093889	0.044476946	0.048495505	0.049367274	0.05287538	0.05581984
20220812	0.024511198	0.024789111	0.025361351	0.025813291	0.027228629	0.028072312	0.029158082	0.032763816	0.035259734	0.037376796	0.037780722	0.038130709	0.039398742	0.040732376	0.042016129	0.043033301	0.046874184	0.046805422	0.049428274	0.055357107
20220811	0.024247835	0.024789111	0.025361351	0.025813291	0.027228629	0.028067894	0.029220916	0.032632036	0.034886618	0.036829074	0.037102659	0.037281667	0.038927528	0.040172972	0.041162156	0.041996608	0.046434471	0.046289679	0.046970738	0.055778213
20220810	0.024247835	0.024768978	0.025361351	0.025873044	0.027228629	0.028088226	0.029156437	0.032318993	0.034940785	0.036796444	0.037483033	0.037752779	0.039802702	0.040719819	0.041226234	0.042094696	0.047271574	0.047685217	0.049656209	0.055375957
20220809	0.024188838	0.024712482	0.025361351	0.026052302	0.027228629	0.028085523	0.029220923	0.032052739	0.034834475	0.036719762	0.03705884	0.037637328	0.040210172	0.041104687	0.041418211	0.042178678	0.046989515	0.047786337	0.048855583	0.054657779
20220808	0.024188838	0.024377853	0.024952297	0.025693784	0.027106253	0.028294759	0.029349874	0.032541371	0.035719448	0.037690318	0.038205092	0.038751521	0.041683931	0.042541357	0.042721002	0.043684131	0.048466449	0.049404198	0.050033301	0.058181193
20220805	0.024188838	0.024215242	0.024952297	0.025693784	0.027106253	0.028294759	0.029415985	0.033290368	0.036063305	0.038102254	0.038582	0.039085637	0.041769181	0.042782603	0.043116698	0.043853621	0.048189028	0.049369443	0.05046516	0.063769281
20220804	0.024188838	0.024198894	0.024952297	0.025693784	0.026983876	0.028141783	0.029358705	0.033857681	0.036190186	0.038426041	0.03869239	0.038865008	0.041476722	0.042601247	0.04301235	0.043866281	0.047711932	0.04996678	0.054326054	0.062011388
20220803	0.024188838	0.024198894	0.024952297	0.02539502	0.026739126	0.027851663	0.029220825	0.032935788	0.034925715	0.037317313	0.037536627	0.038104375	0.040005688	0.040759855	0.041085598	0.041814767	0.0457711	0.049125101	0.054814474	0.065021454
20220802	0.024188838	0.024198894	0.024952297	0.02539502	0.026739126	0.027851663	0.028705023	0.032405699	0.034521728	0.036637861	0.037174839	0.037987766	0.039893999	0.040683601	0.04107657	0.041795669	0.045726275	0.049167559	0.05659928	0.073070053
20220801	0.024483824	0.024521535	0.024835424	0.025574278	0.026800313	0.027661766	0.028520236	0.032375241	0.034344903	0.037183339	0.037747513	0.03846831	0.040073266	0.040786632	0.041228653	0.042145968	0.045460669	0.048815523	0.053342431	0.065523865
20220729	0.024483824	0.024494002	0.024835424	0.025634031	0.026800313	0.027632022	0.028455118	0.031568328	0.033257204	0.036033486	0.037004251	0.037579833	0.038803751	0.039390587	0.03978709	0.040556595	0.043948111	0.046023937	0.049968121	0.059388916
20220728	0.024483824	0.024494002	0.024835424	0.025514525	0.026739126	0.02761726	0.02825817	0.030834328	0.032769932	0.035490772	0.036534998	0.036905757	0.038038948	0.039149068	0.040110051	0.040599354	0.044435951	0.045827129	0.048259547	0.061083987
20220727	0.024483824	0.024494002	0.024835424	0.02521576	0.026739126	0.027725066	0.028579013	0.030822591	0.032769804	0.036027709	0.037154447	0.037551841	0.038507533	0.039610656	0.040753544	0.041417865	0.045368443	0.04623509	0.050240991	0.061777613
20220726	0.024483824	0.024494002	0.024367933	0.025036501	0.026249621	0.027226742	0.028191937	0.030707752	0.032812573	0.035675011	0.037018905	0.037441265	0.03820892	0.039094709	0.040075181	0.040869424	0.045172596	0.044923293	0.051420158	0.060848304
20220725	0.024483824	0.024494002	0.024367933	0.02479749	0.026249621	0.027218671	0.027738414	0.030212268	0.032270886	0.034573634	0.034972269	0.035356735	0.036183273	0.037114459	0.038168443	0.03924838	0.042328467	0.042027362	0.046316684	0.059533274
20220722	0.024483824	0.024494002	0.024367933	0.02479749	0.026249621	0.027218671	0.027737317	0.029700639	0.031848032	0.034085427	0.034165134	0.034438933	0.035175869	0.036165314	0.03722252	0.037907983	0.041396056	0.040774253	0.044169052	0.05349112
20220721	0.024483824	0.024494002	0.024367933	0.025454773	0.026555561	0.027471868	0.027995428	0.030602626	0.032753802	0.035259534	0.035213507	0.035431441	0.036299723	0.037326352	0.03832144	0.038913154	0.04215216	0.040584662	0.044714747	0.054602149
20220720	0.024483824	0.024494002	0.024367933	0.025634031	0.026371997	0.027287503	0.027930923	0.030511993	0.032693174	0.034764143	0.034338745	0.034520616	0.035341267	0.036139539	0.036991782	0.037802332	0.040823071	0.039625532	0.044667609	0.052351296
20220719	0.02412984	0.024167405	0.024134189	0.025932797	0.026310809	0.027305797	0.027995422	0.030604996	0.032637507	0.03455365	0.034497377	0.034575527	0.035355802	0.036317536	0.037329618	0.038420259	0.041599358	0.039468742	0.045772393	0.056778916
20220718	0.02412984	0.024136602	0.024017316	0.025932797	0.026310809	0.027356492	0.027996699	0.030678754	0.032369242	0.034186929	0.034122594	0.034061249	0.035036809	0.03591735	0.036663578	0.037697624	0.040646341	0.042064561	0.042418421	0.051529868
20220715	0.02412984	0.024139872	0.024017316	0.025932797	0.026310809	0.027361905	0.028059914	0.03074367	0.032587684	0.034546181	0.034337885	0.034348474	0.035349623	0.036289419	0.037108169	0.038361928	0.041464712	0.043144737	0.044877346	0.054323474
20220714	0.02412984	0.024139872	0.024017316	0.025932797	0.026310809	0.027606386	0.028317947	0.031118406	0.033266451	0.035043889	0.034544188	0.035016528	0.035868391	0.036600522	0.03735212	0.038525618	0.041973019	0.044619092	0.047671101	0.059075372
20220713	0.02412984	0.024139872	0.024017316	0.025693784	0.026310809	0.027614874	0.028382407	0.031045915	0.033124268	0.034735381	0.03422467	0.034826957	0.035631619	0.036284933	0.037100807	0.038075584	0.04162928	0.044637581	0.048529294	0.06527204
20220712	0.02412984	0.024139872	0.024484807	0.025693784	0.026494373	0.027803587	0.028511341	0.030949851	0.032642097	0.034473237	0.034354259	0.034928468	0.035587275	0.036112821	0.036813241	0.037786079	0.041932648	0.043231417	0.045630135	0.061697817
20220711	0.02412984	0.024139872	0.024484807	0.025693784	0.026310809	0.027729243	0.028511863	0.030518203	0.032514084	0.034028603	0.034143846	0.034695209	0.035102297	0.035353267	0.035867555	0.036876215	0.040362556	0.041615415	0.04348613	0.056950634
20220708	0.02412984	0.024139872	0.024367933	0.025873044	0.026800313	0.028294759	0.029097802	0.031915713	0.034035355	0.035946349	0.036440645	0.036830958	0.03701928	0.037419035	0.038112735	0.038750239	0.042295143	0.043436834	0.044139293	0.06400617
20220707	0.02412984	0.024139872	0.024309497	0.025992549	0.026983876	0.028292644	0.02915632	0.031659521	0.033767921	0.035580194	0.035505205	0.036303184	0.036661061	0.037018206	0.037638289	0.038374743	0.042093057	0.042698783	0.043086715	0.059098566
20220706	0.02412984	0.024139872	0.024251061	0.025932797	0.026983876	0.028292207	0.02915632	0.031446949	0.033142168	0.034743639	0.034509216	0.034479332	0.034767301	0.035063132	0.035414107	0.035462996	0.039768145	0.039382463	0.038745142	0.051272655
20220705	0.02412984	0.024139872	0.024601679	0.025992549	0.026677937	0.028289479	0.028962805	0.031195433	0.032918131	0.034311626	0.034121604	0.034126748	0.03458707	0.034912678	0.035241023	0.035964474	0.038440447	0.038304914	0.037925296	0.050013857
20220704	0.02412984	0.024139872	0.024660115	0.025992549	0.0268615	0.028288011	0.028975854	0.031649205	0.033693002	0.035079197	0.035268262	0.03507582	0.035046647	0.035198247	0.035592603	0.036028574	0.037910341	0.037927479	0.037860675	0.051219285
20220701	0.02412984	0.024139872	0.023900443	0.025693784	0.0268615	0.02828703	0.02896745	0.031495527	0.033619256	0.03521987	0.035445995	0.035166498	0.03490529	0.034907598	0.035178882	0.035651098	0.037743254	0.037720223	0.038314961	0.050349914
20220630	0.02412984	0.024139872	0.023900443	0.025454773	0.026983876	0.028353513	0.028967811	0.031689376	0.034072421	0.036206066	0.036551003	0.036476772	0.035922723	0.035728652	0.036008148	0.036604283	0.038855329	0.039382326	0.04078215	0.053803057
20220629	0.02412984	0.024139872	0.023900443	0.025275514	0.0268615	0.028227579	0.028902926	0.031499065	0.034015569	0.036363215	0.036567659	0.036783372	0.036288765	0.036238212	0.036783456	0.037359259	0.040328687	0.041742306	0.044139185	0.058242398
20220628	0.024188838	0.023703831	0.02331608	0.024976749	0.026739126	0.028237549	0.028838388	0.031505803	0.034109127	0.036480337	0.036861723	0.03729448	0.036926202	0.036945159	0.037493406	0.038063348	0.041558173	0.044084339	0.04701976	0.062176834
20220627	0.024188838	0.023847171	0.02331608	0.02461823	0.026739126	0.028239042	0.028847689	0.031594036	0.034192987	0.036443385	0.037035063	0.037455623	0.03708656	0.037181993	0.037856707	0.038320997	0.042487701	0.044706581	0.047581499	0.064923252
20220624	0.024188838	0.023903785	0.02331608	0.02461823	0.027167441	0.028282048	0.028966669	0.031604157	0.034288598	0.036599902	0.037173198	0.03733089	0.036769961	0.036964088	0.037770072	0.038240901	0.042094643	0.043971977	0.046492593	0.061702645
20220623	0.024188838	0.023945945	0.02331608	0.02461823	0.027045065	0.028421357	0.029030819	0.031693255	0.034489352	0.03705828	0.037480698	0.037509317	0.03678461	0.03698926	0.037923033	0.03816508	0.041325112	0.042983738	0.045304507	0.061849428
20220622	0.024483824	0.023953688	0.02331608	0.024857243	0.027289817	0.028481947	0.029097427	0.032881422	0.036139549	0.038961372	0.039422068	0.039250494	0.038542918	0.038819384	0.039670564	0.040063502	0.043595445	0.044541818	0.046638117	0.066484565
20220621	0.024483824	0.024004446	0.023082335	0.02479749	0.027106253	0.028372015	0.029100549	0.033208063	0.036054944	0.039564042	0.039337478	0.038926711	0.038054908	0.038333099	0.039401194	0.039566851	0.04272969	0.042954658	0.044200419	0.059632808
20220620	0.024365829	0.024152603	0.023140771	0.02479749	0.027106253	0.028477668	0.029183761	0.033349711	0.036199872	0.039179392	0.039126217	0.038413054	0.037620686	0.037694272	0.038291141	0.038510653	0.041086753	0.040845741	0.040815523	0.061089259
20220617	0.024483824	0.024198894	0.023140771	0.02479749	0.027106253	0.028477136	0.029165951	0.033336421	0.03612484	0.039081351	0.039198316	0.038416303	0.037506524	0.037419778	0.03787664	0.037793806	0.040568873	0.03984736	0.040423936	0.055736965
20220616	0.024483824	0.024241053	0.023140771	0.02479749	0.027106253	0.028561622	0.029295632	0.033636623	0.036579537	0.039510515	0.039770813	0.039303465	0.038426122	0.038329941	0.038922272	0.039041752	0.041553622	0.041130745	0.041735525	0.056439884
20220615	0.024778809	0.024248796	0.023140771	0.02479749	0.027045065	0.028548621	0.029425307	0.033821817	0.03672651	0.040147644	0.040353772	0.039823013	0.039074496	0.039079751	0.039832655	0.040054373	0.042426625	0.042581567	0.043616743	0.059178527
20220614	0.024778809	0.024299555	0.023199208	0.025156007	0.027106253	0.028602526	0.029553981	0.03383508	0.037213298	0.04060147	0.040863262	0.040564316	0.039730922	0.039611161	0.040174658	0.040529368	0.042960111	0.042871006	0.043426776	0.060816229
20220613	0.024655423	0.024447711	0.023374517	0.02521576	0.027228629	0.028813501	0.029768139	0.03414951	0.037773612	0.041388846	0.04155038	0.041560377	0.040869589	0.040953668	0.041733263	0.042096865	0.044672112	0.043953465	0.043733721	0.065270772
20220610	0.024778809	0.024494002	0.023374517	0.02521576	0.027228629	0.028813027	0.029749316	0.035083005	0.038680602	0.042134281	0.042386201	0.042492761	0.042009808	0.042054885	0.042842879	0.043468909	0.046244361	0.046191222	0.04695637	0.063492258
20220609	0.024778809	0.024536161	0.023374517	0.02521576	0.027228629	0.028751349	0.029748632	0.035119674	0.038803099	0.042296971	0.042461589	0.042522327	0.042159571	0.042276221	0.042909737	0.043644758	0.046833491	0.047192894	0.048546032	0.0638461
20220608	0.024778809	0.024672961	0.023842007	0.02521576	0.027228629	0.028793759	0.029930627	0.035268903	0.038880789	0.042538653	0.042531126	0.042581791	0.042178794	0.042326689	0.042983829	0.043722368	0.047398793	0.049077665	0.051217221	0.069057309
20220607	0.025132792	0.024645256	0.024251061	0.02539502	0.027289817	0.02911092	0.030006343	0.035431624	0.039351108	0.042685339	0.042668217	0.042820602	0.042464523	0.042563222	0.043235393	0.044093694	0.047974097	0.049869776	0.052896018	0.06933773
20220606	0.025014798	0.02475005	0.024251061	0.02539502	0.027289817	0.028963059	0.029838759	0.035433004	0.039653617	0.042987365	0.043006744	0.043203717	0.042891174	0.04290684	0.043434759	0.044092438	0.048379675	0.049234113	0.051492865	0.073777832
20220603	0.025132792	0.024789111	0.024251061	0.02539502	0.027289817	0.02896399	0.029749716	0.035659448	0.039938189	0.043231639	0.04304754	0.043241641	0.042851803	0.042942573	0.043393587	0.043946417	0.048143902	0.0485687	0.049794058	0.069536988
20220602	0.025132792	0.02482731	0.024251061	0.025514525	0.027473381	0.0289876	0.029749393	0.035565401	0.039642437	0.043061639	0.042880472	0.043055187	0.042799306	0.042855609	0.043220075	0.043755516	0.04750031	0.047986753	0.049095359	0.068435877
20220601	0.025486775	0.024831783	0.024251061	0.025514525	0.027473381	0.028968484	0.0298769	0.035345127	0.039546653	0.042730227	0.042811654	0.04288807	0.042638794	0.04266205	0.042819202	0.043361559	0.047073965	0.047462608	0.048471699	0.065610339
20220531	0.025486775	0.02489339	0.024251061	0.025693784	0.027412192	0.029082695	0.029877197	0.035578369	0.039585792	0.042896062	0.043060417	0.043084874	0.04272992	0.04267921	0.043000757	0.043541338	0.046750268	0.047122197	0.048127644	0.065193783
20220530	0.02533871	0.02508563	0.024251061	0.025693784	0.027412192	0.029185164	0.029963145	0.035540308	0.039406908	0.042781288	0.043199051	0.042885825	0.042484189	0.04256494	0.0430305	0.043579423	0.046956831	0.046819991	0.047786861	0.064785983
20220527	0.025486775	0.025143241	0.024251061	0.025693784	0.027534568	0.029136708	0.030070287	0.035608379	0.039695998	0.043200134	0.043520553	0.043316807	0.042964766	0.04303188	0.04334321	0.04391489	0.047212207	0.0469828	0.047780545	0.063249029
20220526	0.025486775	0.025193828	0.024251061	0.025693784	0.027595757	0.029312788	0.030124123	0.035969397	0.04036093	0.044035373	0.044437407	0.044101906	0.043683918	0.043660275	0.0439801	0.044570353	0.047607835	0.047411577	0.048302431	0.065937087
20220525	0.025840758	0.025203124	0.024251061	0.025693784	0.027656944	0.029385721	0.030188609	0.036345373	0.040684262	0.044463766	0.044852814	0.044480727	0.043997147	0.043850167	0.044205094	0.044568495	0.047548578	0.047528331	0.048226777	0.06593502
20220524	0.025840758	0.025264035	0.024543243	0.026171808	0.027595757	0.029395216	0.030253108	0.036108432	0.04017232	0.044050869	0.044616032	0.044176137	0.043655171	0.043468617	0.043745956	0.044337887	0.046996879	0.046752529	0.047363742	0.069993167
20220523	0.025692693	0.025441825	0.024543243	0.026171808	0.027595757	0.029366686	0.03025463	0.03616417	0.0401355	0.043989353	0.044708781	0.044351769	0.043773856	0.043605301	0.044040615	0.044412647	0.047088909	0.046458908	0.046824747	0.06746393
20220520	0.025840758	0.025497371	0.024543243	0.025693784	0.027595757	0.029365902	0.030317613	0.03661655	0.040773457	0.044730412	0.045298093	0.044913214	0.044388235	0.044176242	0.044608968	0.045244264	0.047745604	0.047289695	0.047597851	0.063706402
20220519	0.025840758	0.025547958	0.024543243	0.025813291	0.027595757	0.029417243	0.030317613	0.036447204	0.040523739	0.044395112	0.044826451	0.044599192	0.044169124	0.044111038	0.044597409	0.045318807	0.048333885	0.047609893	0.047731899	0.065602823
20220518	0.025899755	0.025597401	0.024543243	0.025634031	0.027595757	0.029348862	0.03038213	0.036508027	0.040518449	0.044478612	0.044950147	0.044781184	0.044498804	0.04443915	0.04486845	0.045593081	0.049065661	0.048262383	0.048264305	0.064754379
20220517	0.025899755	0.025683042	0.025010733	0.02539502	0.027656944	0.029405002	0.030511134	0.036279426	0.040219179	0.044318245	0.044782514	0.04474655	0.044373453	0.044254868	0.044701093	0.04517223	0.049074788	0.048500894	0.048558186	0.065034706
20220516	0.025853095	0.025767596	0.025010733	0.02539502	0.027656944	0.029442361	0.030512664	0.036395993	0.04027286	0.044628424	0.045049599	0.044900929	0.044520283	0.044482904	0.044843808	0.045471916	0.049350293	0.048985021	0.049343252	0.067861231
20220513	0.025899755	0.025851501	0.025302915	0.025932797	0.027718132	0.029497444	0.030651144	0.036539121	0.04033798	0.044349841	0.044841626	0.04481749	0.044585696	0.044696229	0.044968782	0.045468443	0.0492823	0.049078196	0.049676694	0.064771219
20220512	0.025899755	0.025859935	0.025302915	0.025992549	0.027718132	0.029489791	0.030639938	0.036382677	0.040349385	0.044177652	0.044524468	0.044510712	0.044324448	0.044336078	0.044360228	0.044944627	0.049398174	0.049133118	0.049489664	0.062812897
20220511	0.025899755	0.025871804	0.025302915	0.026052302	0.027718132	0.029419484	0.030639938	0.036525302	0.040417869	0.043998255	0.044233741	0.044331968	0.044196085	0.044237796	0.044512487	0.045099488	0.048760216	0.048043627	0.047801365	0.06572809
20220510	0.025899755	0.025882989	0.025419787	0.026291314	0.027901696	0.029412205	0.030317413	0.036383052	0.040215142	0.043660264	0.043940071	0.044065147	0.044004692	0.043949474	0.044151298	0.044724325	0.048068606	0.047404283	0.046892698	0.066053247
20220509	0.025899755	0.025910523	0.025653533	0.026291314	0.027901696	0.029325814	0.030347427	0.036195928	0.040033687	0.043378464	0.043559198	0.0437567	0.043719048	0.043481756	0.043688715	0.044036559	0.047552874	0.04638597	0.045526058	0.06238146
20220506	0.025899755	0.025910523	0.025653533	0.026052302	0.027901696	0.029375339	0.030391833	0.036027882	0.040024714	0.043447652	0.043734929	0.043837492	0.043802016	0.043539613	0.043657036	0.044135855	0.047701827	0.047218367	0.04666236	0.062240678
20220505	0.025899755	0.02586406	0.025419787	0.025992549	0.027840508	0.029363712	0.030967612	0.036304786	0.040332231	0.043675101	0.04392315	0.043938664	0.043889074	0.043700142	0.043819132	0.044168118	0.048271094	0.047603299	0.047100607	0.066274209
20220504	0.025958752	0.025867219	0.025419787	0.025992549	0.02777932	0.02942222	0.030699187	0.036444953	0.040495506	0.044016304	0.044352817	0.044464917	0.044520011	0.044313199	0.044452867	0.044808554	0.04888668	0.048207167	0.047585553	0.065481743
20220503	0.025958752	0.02587714	0.025478223	0.026112055	0.027840508	0.029467396	0.030642635	0.036448469	0.040468512	0.044202254	0.044610256	0.044805245	0.044833944	0.044665116	0.045050248	0.045521441	0.049898854	0.049310246	0.048652834	0.06895669
20220502	0.025934074	0.025901953	0.025419787	0.026113836	0.027840508	0.029367224	0.030795447	0.036638574	0.040597812	0.044580338	0.044975326	0.044840477	0.044901084	0.044926438	0.045307757	0.045798825	0.050665587	0.050238393	0.049947458	0.070922428
20220429	0.025958752	0.025910523	0.025419787	0.026112055	0.02777932	0.029414901	0.030566563	0.036789078	0.040580864	0.044926324	0.045142251	0.04497381	0.045183199	0.045088582	0.045467451	0.04598436	0.050649748	0.050270842	0.050235721	0.069482273
20220428	0.025958752	0.025918957	0.025419787	0.026052302	0.027718132	0.029645051	0.031025222	0.03648972	0.040192999	0.044580725	0.044874754	0.044432125	0.044427861	0.044473289	0.044841825	0.045229604	0.04943104	0.048395222	0.047846956	0.065940193
20220427	0.025958752	0.025930826	0.025419787	0.026231561	0.027840508	0.029796204	0.030964154	0.036690086	0.040588432	0.044847779	0.044944832	0.044728937	0.044684251	0.044615875	0.04508678	0.045609184	0.049650011	0.048686761	0.048420212	0.066804696
20220426	0.025958752	0.026140796	0.025828841	0.025992549	0.027840508	0.029909667	0.030726505	0.03669012	0.040213977	0.044591088	0.044775327	0.044450967	0.044351627	0.044317314	0.044714051	0.045223344	0.048506418	0.047417154	0.047240517	0.065016421
20220425	0.025958752	0.025985893	0.025828841	0.025992549	0.027351005	0.029716497	0.030747462	0.03681415	0.040436941	0.044640314	0.044771234	0.044429794	0.044375656	0.044439169	0.044909669	0.045445915	0.048959309	0.047287212	0.046887399	0.063016867
20220422	0.025958752	0.025969544	0.025828841	0.025992549	0.027351005	0.029426973	0.030346653	0.036953681	0.040676548	0.044709949	0.044793642	0.044407307	0.044224971	0.044163215	0.04479959	0.045235685	0.048472636	0.047279547	0.04687112	0.059786141
20220421	0.025958752	0.025969544	0.025536659	0.025992549	0.027351005	0.029322789	0.030218752	0.036565493	0.040535843	0.044275745	0.04441809	0.043981503	0.043791991	0.043675515	0.044131579	0.044658295	0.047812156	0.046911298	0.046639335	0.057764821
20220420	0.025250787	0.025734549	0.025536659	0.026112055	0.027289817	0.029228713	0.030223093	0.03669933	0.040599637	0.044619415	0.044715428	0.044142943	0.043876533	0.0437735	0.044174436	0.04470574	0.048082226	0.047007926	0.046097228	0.060238873
20220419	0.025250787	0.025606124	0.025361351	0.026351067	0.027534568	0.029171536	0.030038951	0.036777127	0.040564862	0.044709297	0.044825431	0.044366937	0.043916355	0.043651912	0.044151169	0.044680809	0.048197702	0.046458928	0.045327221	0.059363206
20220418	0.025354893	0.02552373	0.025361351	0.026351067	0.027228629	0.029131207	0.030121395	0.036684413	0.040210925	0.044354876	0.044492242	0.044058494	0.043713855	0.043423074	0.043669836	0.04419969	0.047432691	0.045343898	0.044092189	0.05911911
20220413	0.025250787	0.025497371	0.025361351	0.026351067	0.027228629	0.029062262	0.030025708	0.036897681	0.040523213	0.044684242	0.044774792	0.044260838	0.043847225	0.043540034	0.043699355	0.044367623	0.047240683	0.045177204	0.04413086	0.059177361
20220412	0.025250787	0.025471903	0.025887277	0.026530326	0.027351005	0.029018781	0.030031061	0.036730968	0.040287337	0.044504839	0.044573552	0.04404603	0.043608288	0.043199163	0.043438177	0.043981454	0.046679846	0.044712581	0.044012611	0.057412328
20220411	0.025073795	0.02546089	0.025887277	0.026649832	0.027718132	0.029056457	0.030223339	0.036803787	0.040514978	0.044882587	0.044760175	0.044382449	0.044022311	0.043606242	0.044000372	0.04455887	0.047335498	0.045376502	0.044562772	0.056871771
20220408	0.025073795	0.025420625	0.025653533	0.026470573	0.027718132	0.029386544	0.030286386	0.036971941	0.040472416	0.044955862	0.044840594	0.044394493	0.044079299	0.043782879	0.044101404	0.044525997	0.04722623	0.045005992	0.044201392	0.056486298
20220407	0.025073795	0.025302581	0.025653533	0.026470573	0.027718132	0.029393817	0.030415854	0.037092032	0.04060518	0.045086697	0.045014923	0.044511235	0.044134772	0.043801267	0.044182452	0.044707461	0.047610546	0.045054313	0.043643467	0.057345707
20220406	0.025073795	0.025261284	0.025653533	0.026590079	0.027718132	0.029417231	0.030475509	0.037374583	0.040828878	0.045327063	0.045283587	0.044777206	0.044307011	0.044030675	0.044292895	0.044870058	0.048104237	0.045731501	0.044388231	0.056935584
20220405	0.025073795	0.025231862	0.025595095	0.026649832	0.027718132	0.029408154	0.03047458	0.037587316	0.041236422	0.045643256	0.045586584	0.045060762	0.04472698	0.04463058	0.044970538	0.045451517	0.048718593	0.046410147	0.044933711	0.057807175
20220404	0.024837807	0.025233639	0.025595095	0.026649832	0.027962884	0.029422693	0.030530248	0.037736157	0.041490211	0.045659336	0.04560195	0.045223632	0.044936876	0.044647157	0.044925009	0.045528228	0.04891081	0.046896968	0.045244777	0.058220438
20220401	0.024837807	0.025202604	0.025361351	0.026649832	0.028025313	0.029413813	0.030594314	0.037931841	0.041705962	0.045901445	0.045855918	0.04541981	0.045160573	0.045019859	0.0453126	0.045770505	0.049185263	0.046993278	0.045403366	0.059990212
20220331	0.024939217	0.025114196	0.025361351	0.026649832	0.02808526	0.029356166	0.030510773	0.037906729	0.041198583	0.045435645	0.045625764	0.045130101	0.044800978	0.044686579	0.045050563	0.045536791	0.048495519	0.046600064	0.044947107	0.059241512
20220330	0.024837807	0.025084218	0.025361351	0.026649832	0.02808526	0.029409047	0.030466303	0.037763567	0.04142266	0.045530739	0.045745086	0.045448005	0.045009483	0.045008124	0.045438332	0.046051159	0.049024686	0.047229504	0.045863528	0.060526206
20220329	0.024837807	0.025054619	0.025361351	0.026709585	0.028146447	0.029380695	0.030319252	0.037755101	0.041669934	0.045605651	0.045860095	0.045670735	0.045290173	0.045297685	0.045727083	0.046215039	0.049661846	0.048385132	0.048048525	0.061736048
20220328	0.024778809	0.025025941	0.025361351	0.026709585	0.028207636	0.029322067	0.030319277	0.037885628	0.041999362	0.045841384	0.046112459	0.045966438	0.045646259	0.045609837	0.045981127	0.046467214	0.050231874	0.049063445	0.049066877	0.061506842
20220325	0.024778809	0.024877212	0.024952297	0.026769338	0.028146447	0.02946211	0.030577355	0.037964363	0.04219109	0.046105694	0.04632992	0.046292408	0.045855051	0.045746508	0.046129736	0.046726336	0.050939478	0.049263044	0.048896263	0.066385178
20220324	0.024778809	0.024796512	0.024952297	0.026769338	0.028268823	0.029434145	0.030653408	0.037797952	0.04206864	0.04619047	0.046429496	0.046351815	0.04590042	0.045714883	0.04610233	0.046601335	0.051329275	0.049438082	0.048388896	0.065820219
20220323	0.024778809	0.024789111	0.024952297	0.026769338	0.028146447	0.029431398	0.030770645	0.037873793	0.042050779	0.0462398	0.046626821	0.046629854	0.046072003	0.045686083	0.046153045	0.046795637	0.051445683	0.049006736	0.04793357	0.06366988
20220322	0.024778809	0.024789111	0.024952297	0.026829091	0.028146447	0.029495285	0.030770362	0.037846054	0.042068212	0.046403931	0.046673504	0.046554395	0.04598302	0.045875929	0.046164916	0.046660718	0.051068916	0.048617063	0.046578197	0.063502522
20220318	0.024778809	0.024789111	0.024952297	0.026530326	0.028268823	0.029475562	0.03089883	0.037941146	0.042224565	0.046609041	0.046850315	0.046700255	0.046418969	0.046126195	0.046440863	0.046951833	0.051306484	0.048874101	0.047791684	0.06045261
20220317	0.025014798	0.025025197	0.024776987	0.026649832	0.028024071	0.02953626	0.030898707	0.037825034	0.042150799	0.046117459	0.046468927	0.0462619	0.046007874	0.045598786	0.046084137	0.046710841	0.050549861	0.048038084	0.046658395	0.058960385
20220316	0.025014798	0.025025197	0.024776987	0.026649832	0.028024071	0.029508338	0.031031343	0.037710214	0.042153398	0.046409503	0.046719712	0.04642178	0.046265913	0.045987703	0.046470025	0.047025341	0.050322364	0.047482529	0.045847543	0.05952388
20220315	0.025014798	0.025025197	0.024776987	0.026530326	0.028024071	0.029497444	0.031103937	0.038045871	0.042617302	0.046890557	0.047113861	0.046802352	0.046550751	0.04617605	0.046573045	0.047256378	0.050853986	0.048190792	0.04732083	0.059921308
20220314	0.025014798	0.025025197	0.024776987	0.026351067	0.028146447	0.029487285	0.031220485	0.038256138	0.042873882	0.047179423	0.0475963	0.047203527	0.04706551	0.046731355	0.047120248	0.047902084	0.051237886	0.04854918	0.047742802	0.060631199
20220311	0.025014798	0.025025197	0.024776987	0.026351067	0.028146447	0.029539297	0.031220485	0.038213824	0.042561629	0.046928819	0.047276296	0.046813535	0.046883763	0.046643455	0.046885993	0.047523789	0.051067764	0.048204035	0.047343654	0.061522075
20220310	0.025014798	0.025025197	0.025127605	0.026590079	0.028207636	0.029527821	0.031091474	0.037964015	0.042401332	0.04671151	0.046944558	0.046533458	0.046592829	0.046289518	0.046618778	0.047358927	0.050780778	0.047877824	0.046777471	0.060740144
20220309	0.025014798	0.025025197	0.024776987	0.026530326	0.028207636	0.029503837	0.031091474	0.038233343	0.042709408	0.046988097	0.04747882	0.047133011	0.046916104	0.046695646	0.046923561	0.047683915	0.051092189	0.048413429	0.047162374	0.061413511
20220308	0.025014798	0.025025197	0.024776987	0.026470573	0.028207636	0.029493563	0.031104647	0.038630774	0.043108226	0.047510079	0.048009666	0.047528492	0.047319335	0.047092441	0.04724407	0.047905403	0.051448857	0.048735602	0.047781162	0.060830912
20220307	0.025014798	0.025025197	0.024776987	0.026530326	0.028207636	0.029587905	0.031165675	0.039046105	0.04353441	0.048014813	0.048520004	0.048075447	0.047879216	0.047493711	0.047658924	0.048235282	0.052188608	0.049524303	0.047719579	0.060947094
20220304	0.025014798	0.025025197	0.024776987	0.026530326	0.028207636	0.029625606	0.031166371	0.039192327	0.043621194	0.04771963	0.048533791	0.04805389	0.047741505	0.047264497	0.047542092	0.048241166	0.051247772	0.048560922	0.047133814	0.061619219
20220303	0.025014798	0.024907153	0.025186041	0.026410821	0.028146447	0.029655395	0.031229999	0.03920431	0.043584847	0.047847373	0.048452193	0.048008055	0.047614278	0.047125045	0.047763133	0.048410908	0.05137777	0.048536926	0.047605837	0.062186054
20220302	0.024930863	0.024911628	0.025186041	0.026351067	0.028146447	0.029570795	0.031101422	0.039070239	0.043536415	0.047658417	0.048194515	0.047819706	0.047594255	0.046937461	0.047550939	0.048204253	0.05123058	0.048784849	0.048103158	0.065937891
20220301	0.025014798	0.024938247	0.025302915	0.026351067	0.028146447	0.029551907	0.031165172	0.038517503	0.042971738	0.046961995	0.047356886	0.04694623	0.046766855	0.046239768	0.046766379	0.047394951	0.050334215	0.048580789	0.04827986	0.064099234
20220228	0.025073795	0.02494269	0.025302915	0.026112055	0.02808526	0.029401317	0.031163682	0.03863616	0.043071826	0.047176916	0.047659453	0.047257112	0.047026897	0.046519069	0.047141407	0.047871627	0.051228233	0.049868126	0.050293231	0.066865552
20220225	0.025044297	0.024953066	0.025010733	0.026171808	0.02808526	0.029334473	0.031127069	0.038600296	0.043078275	0.047263449	0.047681688	0.047286306	0.046896039	0.046369635	0.046897451	0.04772874	0.051104921	0.050301916	0.051039656	0.066081757
20220224	0.025073795	0.024953758	0.025010733	0.026171808	0.02808526	0.029311503	0.031294549	0.038745962	0.043764044	0.047769808	0.048266129	0.047914161	0.047610311	0.047092604	0.04762854	0.048391584	0.052521569	0.051751223	0.05250722	0.066502209
20220223	0.025073795	0.025025197	0.025010733	0.026171808	0.02808526	0.029300533	0.031359655	0.038884529	0.043962967	0.047861461	0.048310733	0.048131278	0.047637395	0.047409431	0.047929864	0.048682333	0.052934879	0.052086	0.05263821	0.068523246
20220222	0.025073795	0.025038678	0.025010733	0.026052302	0.02808526	0.029546235	0.031421424	0.038884227	0.043934221	0.04792193	0.048277556	0.048322857	0.047728766	0.047498688	0.048123059	0.049000497	0.053321569	0.052550985	0.052918027	0.070738866
20220221	0.025073795	0.025084218	0.024893861	0.025992549	0.028146447	0.029819726	0.031421315	0.03901517	0.044008207	0.048164935	0.048833003	0.048804533	0.048007872	0.047634462	0.048468596	0.04918489	0.053918939	0.053526232	0.053834086	0.070238275
20220218	0.025073795	0.025084218	0.024893861	0.025992549	0.02808526	0.02989314	0.031494038	0.039551931	0.044345443	0.048540873	0.049173029	0.048817042	0.048031591	0.047638928	0.048382499	0.04922291	0.054256172	0.053924608	0.054299338	0.069064068
20220217	0.025073795	0.025084218	0.024893861	0.025992549	0.028024071	0.029877239	0.031444576	0.03983416	0.044568627	0.048779949	0.049453988	0.049023313	0.048457089	0.047912827	0.048829305	0.049819508	0.054430201	0.053888478	0.054026396	0.070796435
20220216	0.025073795	0.025084218	0.024893861	0.026112055	0.028146447	0.02998781	0.031584132	0.040073473	0.045027075	0.049057148	0.049667233	0.049146531	0.04849126	0.047944817	0.048771939	0.049725818	0.054281137	0.053779499	0.054727892	0.069896399
20220215	0.025073795	0.025084218	0.024893861	0.026291314	0.028330011	0.029971472	0.031801095	0.04035946	0.045773888	0.049637599	0.050248798	0.049606753	0.048820044	0.048417083	0.049103195	0.05003881	0.055257383	0.05482147	0.055695322	0.069488173
20220214	0.025073795	0.025084218	0.025127605	0.026410821	0.028146447	0.03009973	0.031487801	0.040572408	0.046050133	0.04999391	0.0504667	0.04977751	0.049208455	0.048881776	0.049500085	0.050324889	0.055091698	0.054821249	0.055756131	0.073357237
20220211	0.025073795	0.025084218	0.025127605	0.026410821	0.02808526	0.030022833	0.031444814	0.040589428	0.04645434	0.050232669	0.050680493	0.049877356	0.049603633	0.049351087	0.049880987	0.050624456	0.055223698	0.054697596	0.055633282	0.073358908
20220210	0.025073795	0.025084218	0.025127605	0.026410821	0.02808526	0.030000008	0.031361906	0.040702755	0.046404263	0.050457888	0.050982156	0.050332113	0.049965105	0.049728284	0.050255636	0.051023019	0.055469471	0.054983985	0.055709705	0.075537041
20220209	0.025368781	0.025379327	0.025127605	0.026351067	0.02808526	0.029965168	0.031424172	0.040582824	0.046325148	0.050369901	0.05092686	0.050341044	0.049871158	0.049631215	0.050055577	0.050903173	0.055234192	0.054259838	0.054310338	0.077573779
20220208	0.025073795	0.025379327	0.025127605	0.026171808	0.028146447	0.029940475	0.031424147	0.040661524	0.046373633	0.050339251	0.051285263	0.050439617	0.050038266	0.049663562	0.050021432	0.051021408	0.055319577	0.054127957	0.054168378	0.077406896
20220204	0.025073795	0.025615072	0.025419787	0.026171808	0.028146447	0.029916402	0.031489213	0.040356352	0.045849912	0.050281901	0.050888995	0.049980503	0.049729511	0.049532411	0.049807157	0.050480994	0.054709553	0.05334991	0.053301177	0.07406713
20220203	0.025073795	0.025440415	0.025478223	0.026231561	0.028207636	0.029868668	0.031570186	0.040479572	0.046025838	0.050581275	0.051230195	0.050220538	0.04999373	0.049901975	0.050169776	0.050975207	0.055145125	0.05388886	0.053940342	0.075124224
20220202	0.025073795	0.025379327	0.025490659	0.026112055	0.028268823	0.029951091	0.031615681	0.040189599	0.045722425	0.05037198	0.051087403	0.050144803	0.049820558	0.04973934	0.050002418	0.050803473	0.054979159	0.053966172	0.054567797	0.072056153
20220201	0.025073795	0.025337168	0.025419787	0.026231561	0.028574763	0.02997603	0.031998843	0.040143902	0.045669716	0.050225524	0.051062611	0.050397117	0.050128219	0.049954889	0.050202402	0.050984898	0.055381793	0.054132212	0.05476888	0.072443596
20220131	0.024778809	0.025253139	0.025127605	0.026231561	0.028941891	0.030423031	0.031414116	0.040129084	0.045617121	0.050368513	0.05143055	0.050558213	0.050228736	0.05025613	0.050615845	0.051503522	0.055978403	0.054898416	0.055121285	0.074991232
20220128	0.024955801	0.025143931	0.025595095	0.026291314	0.028697139	0.030329835	0.031415141	0.039712589	0.045042857	0.049911252	0.050838768	0.050147283	0.049979454	0.049825344	0.050243583	0.051071724	0.055755008	0.054896393	0.055139103	0.072939856
20220127	0.024778809	0.024966176	0.025010733	0.026291314	0.028391199	0.030303395	0.031285009	0.039179646	0.044728298	0.049646265	0.050506427	0.049895337	0.049627224	0.049481176	0.049880816	0.050703035	0.055660055	0.054890894	0.055403091	0.077000116
20220126	0.024778809	0.024789111	0.024776987	0.025813291	0.027656944	0.029907629	0.030833519	0.038888045	0.044526884	0.049502329	0.050460968	0.049824506	0.049403196	0.048969749	0.049452852	0.050279684	0.055612103	0.05463366	0.055084638	0.07452336
20220125	0.024778809	0.024789111	0.024776987	0.025813291	0.027656944	0.029594653	0.030511051	0.038989482	0.044359326	0.049391542	0.050280925	0.049637306	0.049174034	0.049080312	0.049330312	0.04989783	0.055328484	0.054203899	0.053746084	0.072697244
20220124	0.024778809	0.02489316	0.024718551	0.02539502	0.027473381	0.029296577	0.030511031	0.039513126	0.044931524	0.049963702	0.050769114	0.050051915	0.0497671	0.049355033	0.049634411	0.050394614	0.05517077	0.053900652	0.053197076	0.072122189
20220121	0.024837807	0.024850369	0.024718551	0.02539502	0.027473381	0.029255179	0.030511896	0.039681776	0.045174241	0.050132444	0.051088815	0.050599294	0.050204612	0.049798127	0.049991328	0.050761383	0.055239327	0.054213242	0.053290894	0.072375546
20220120	0.024778809	0.024848132	0.024718551	0.025574278	0.027473381	0.029244247	0.030520571	0.039944995	0.045470801	0.050299002	0.051335276	0.050835229	0.050212302	0.049640305	0.050105503	0.05080643	0.055360762	0.054182849	0.053546816	0.06751575
20220119	0.024778809	0.024940879	0.025010733	0.02539502	0.027473381	0.029232929	0.030639938	0.040113135	0.045718155	0.050595922	0.051479861	0.051031138	0.05062256	0.050250677	0.050527676	0.051252928	0.055721933	0.054029871	0.053125381	0.072396335
20220118	0.024778809	0.024905259	0.025010733	0.025514525	0.027534568	0.029282277	0.030575433	0.040136941	0.045836009	0.050903357	0.051993868	0.051715519	0.051267111	0.050683196	0.051173	0.052059942	0.056337975	0.05466619	0.053872979	0.07361004
20220117	0.024778809	0.024789111	0.024543243	0.025574278	0.027351005	0.029464174	0.030381918	0.040100154	0.045895212	0.051267978	0.052067387	0.051864646	0.051471269	0.051103578	0.051604211	0.052402365	0.056376806	0.054433192	0.053399819	0.074935692
20220114	0.024778809	0.024789111	0.024543243	0.025574278	0.027473381	0.029579214	0.030381918	0.039908736	0.045626048	0.051178774	0.052105289	0.051886053	0.051580574	0.051107381	0.051690744	0.05254292	0.056344862	0.054412382	0.053377158	0.074914392
20220113	0.024778809	0.024789111	0.02442637	0.025634031	0.027473381	0.029432043	0.030393928	0.039400229	0.045320463	0.050981981	0.051973537	0.051929088	0.051640942	0.051387172	0.051857814	0.052851461	0.057071828	0.055362905	0.054720736	0.073107584
20220112	0.024778809	0.024789111	0.02442637	0.025514525	0.027534568	0.029423745	0.030584961	0.038527644	0.044513001	0.049922866	0.050977038	0.050889206	0.050695561	0.050545125	0.050978579	0.051668814	0.055869586	0.053782731	0.052058301	0.070941374
20220111	0.024837807	0.024809414	0.02442637	0.025514525	0.027534568	0.029414345	0.03051994	0.038240611	0.044133283	0.049557541	0.050527157	0.050535341	0.050138495	0.050067481	0.050419283	0.05114794	0.054769382	0.052978766	0.05166941	0.068469598
20220110	0.024837807	0.025009368	0.025010733	0.025514525	0.02777932	0.029444216	0.030391652	0.038066777	0.043677986	0.049308509	0.050038895	0.049698997	0.049737152	0.049760027	0.050105424	0.050806265	0.054401191	0.052848273	0.051279369	0.069478201
20220107	0.024837807	0.024849678	0.024835424	0.025454773	0.02777932	0.02940335	0.030410778	0.037903855	0.043302598	0.048847499	0.049643352	0.049535892	0.049383082	0.049627659	0.049952334	0.05058349	0.053803244	0.051889597	0.050215416	0.06798104
20220106	0.024778809	0.024848132	0.024835424	0.025454773	0.02777932	0.029396564	0.030391419	0.037933362	0.043510828	0.048721065	0.049726817	0.049720812	0.049445377	0.049497501	0.049994454	0.050860463	0.053890854	0.051380814	0.050197088	0.069705213
20220105	0.024778809	0.024683797	0.024192625	0.025454773	0.027840508	0.029406452	0.030392555	0.037853837	0.04340914	0.048470632	0.049548212	0.049581762	0.049615119	0.049886344	0.050275384	0.051112147	0.054375156	0.051911475	0.050786678	0.06723395
20220104	0.024778809	0.024705943	0.024192625	0.025454773	0.027840508	0.029343716	0.030325644	0.037149385	0.0428312	0.047934742	0.048860147	0.048982875	0.04879657	0.049046019	0.049526515	0.050345709	0.053689895	0.05131718	0.049567144	0.06861973
20220103	0.024778809	0.023694884	0.023261974	0.025514525	0.027718132	0.02937817	0.030324831	0.03694585	0.042547092	0.047893315	0.048684005	0.048808408	0.048832293	0.048967165	0.049457245	0.050187485	0.053270515	0.05108639	0.049847163	0.067251005
20211231	0.024060053	0.023869541	0.023023899	0.025514525	0.027718132	0.029373593	0.030402818	0.037107573	0.042687124	0.048072091	0.049169817	0.049246762	0.049178545	0.049429614	0.04982991	0.050639183	0.053802653	0.051856985	0.050722486	0.068563593
20211230	0.024778809	0.023903785	0.023023899	0.025634031	0.027718132	0.029476549	0.03045339	0.037143637	0.042802274	0.047981012	0.049234506	0.049331653	0.049248747	0.049288928	0.049696822	0.0505868	0.053895905	0.051508372	0.050349925	0.068105565
20211229	0.024778809	0.023980702	0.023023899	0.025514525	0.027901696	0.029588886	0.030583903	0.037678791	0.043189874	0.048204816	0.049355641	0.049570355	0.049369618	0.049323721	0.049899022	0.050813456	0.05428659	0.051824762	0.050180221	0.069613337
20211228	0.024778809	0.023861454	0.023023899	0.025514525	0.027962884	0.029626784	0.030649111	0.03809248	0.043313731	0.048238163	0.049911075	0.049720274	0.049527197	0.049567165	0.049993316	0.05090069	0.054128181	0.051889662	0.049995926	0.069372759
20211227	0.024778809	0.02389914	0.024251061	0.025454773	0.028146447	0.029616067	0.030650536	0.038357313	0.04396609	0.048554467	0.050128346	0.049930891	0.049747871	0.049567422	0.050019207	0.050933258	0.053474769	0.050934835	0.048755125	0.069328902
20211224	0.024458402	0.024027058	0.023374517	0.025574278	0.028207636	0.029634082	0.030738231	0.038677041	0.044296631	0.048816889	0.050384463	0.050462999	0.05017418	0.050001435	0.050458755	0.051119032	0.054013451	0.052000856	0.049922357	0.069433061
20211223	0.024778809	0.02408085	0.023374517	0.025992549	0.028330011	0.029770859	0.030909499	0.039084427	0.044803923	0.049053511	0.05039438	0.050612774	0.050435983	0.050380248	0.050579776	0.051072796	0.05389759	0.051933086	0.049343151	0.073756702
20211222	0.024778809	0.02414486	0.023374517	0.025992549	0.028452387	0.029858478	0.031037806	0.038850293	0.044351851	0.048618628	0.049766483	0.050292936	0.049997222	0.050061831	0.050229163	0.050846537	0.053715988	0.051221239	0.048808965	0.071098897
20211221	0.024778809	0.024123522	0.023608262	0.025992549	0.028513575	0.029848305	0.031102647	0.039069489	0.044476947	0.04882062	0.050324701	0.050739908	0.05023337	0.050407534	0.05077801	0.051407748	0.054942327	0.052043881	0.049481235	0.074074492
20211220	0.024556708	0.02437737	0.023666698	0.025992549	0.028207636	0.029676492	0.030946486	0.039026323	0.04420585	0.048222436	0.04966029	0.049672899	0.049502951	0.049667982	0.050112716	0.050843551	0.054209696	0.051233814	0.049628041	0.072337124
20211217	0.024778809	0.02443498	0.023666698	0.025992549	0.028024071	0.029638879	0.030716732	0.038566562	0.04363649	0.047541122	0.048642644	0.048678818	0.048182868	0.048126465	0.048887313	0.0497435	0.053067473	0.050663304	0.050223854	0.067668285
20211216	0.024778809	0.024485568	0.023608262	0.025992549	0.027962884	0.029659509	0.030523146	0.038378795	0.043133847	0.046818828	0.047834544	0.047612676	0.047630025	0.047569719	0.048298297	0.048979373	0.052564851	0.051035697	0.050841693	0.069839858
20211215	0.025132792	0.024494864	0.023608262	0.025514525	0.027840508	0.029391215	0.030394103	0.038090745	0.042786099	0.046302251	0.047208632	0.046712575	0.046828674	0.046854121	0.047753956	0.049293758	0.051706879	0.049416143	0.049002857	0.072348801
20211214	0.025132792	0.02451895	0.023666698	0.025693784	0.027840508	0.029382961	0.030330578	0.038084776	0.042817197	0.046413964	0.047293481	0.046869194	0.046802955	0.046709688	0.047710536	0.048390576	0.052244295	0.050355783	0.050083571	0.06861589
20211213	0.024984727	0.024733565	0.023666698	0.025275514	0.027840508	0.029358262	0.030355322	0.037891074	0.042708402	0.04608171	0.046845241	0.046697177	0.04620108	0.046115347	0.047193609	0.048573252	0.051537264	0.050180496	0.049867998	0.063417174
20211210	0.025132792	0.024789111	0.023666698	0.025634031	0.02777932	0.029301615	0.030331926	0.037917266	0.042826756	0.046350494	0.047310623	0.046950645	0.04666141	0.04636153	0.047513742	0.04884315	0.052092958	0.050551958	0.049515507	0.064633519
20211209	0.025132792	0.024839698	0.023666698	0.025693784	0.027656944	0.029350951	0.030253198	0.037730336	0.0427468	0.046161814	0.047323955	0.047166952	0.046239608	0.045951257	0.047005733	0.048142715	0.051818256	0.049853945	0.049222578	0.06256107
20211208	0.025486775	0.024848994	0.023666698	0.025693784	0.027656944	0.029342886	0.030188726	0.037543279	0.042453786	0.046479442	0.047448075	0.047483581	0.046436193	0.046012084	0.046838221	0.047907027	0.051587774	0.049338486	0.047382682	0.063256645
20211207	0.025486775	0.024909904	0.02442637	0.025873044	0.027412192	0.029356559	0.030317729	0.038196769	0.043237998	0.047711378	0.048371203	0.048907605	0.048183108	0.047764298	0.048550182	0.049561235	0.052606591	0.050206062	0.049500259	0.063465309
20211206	0.02533871	0.025087695	0.023842007	0.026231561	0.027473381	0.029382474	0.030320541	0.039085746	0.044211339	0.048489807	0.049178148	0.049422795	0.048923441	0.048626186	0.049256416	0.050246731	0.053336858	0.051043328	0.049435402	0.070056326
20211203	0.025486775	0.025143241	0.023842007	0.026291314	0.027228629	0.029373485	0.030317755	0.039236216	0.044116621	0.048378065	0.049086768	0.049322111	0.048501926	0.048446158	0.048892919	0.04979964	0.052608059	0.050474239	0.049311326	0.069752517
20211202	0.025486775	0.025193828	0.023842007	0.026291314	0.027351005	0.029299647	0.030253198	0.038704103	0.043299334	0.047811085	0.048569407	0.048234235	0.04762265	0.047450968	0.047869321	0.048722202	0.051430566	0.049256455	0.04789509	0.069003406
20211201	0.025545772	0.025237539	0.024134189	0.026052302	0.027351005	0.029288468	0.030446693	0.038523604	0.042983383	0.047546946	0.048121217	0.047700169	0.047302074	0.046869168	0.047298055	0.048157029	0.051045122	0.049475119	0.048863252	0.062258869
20211130	0.025545772	0.025262659	0.025186041	0.026888844	0.027656944	0.02945133	0.030446642	0.038157455	0.042762436	0.046846451	0.047607604	0.047070361	0.046467938	0.04614908	0.046908518	0.047880402	0.050424827	0.048995921	0.048585674	0.063204104
20211129	0.025471736	0.025351552	0.024543243	0.026709585	0.027840508	0.029564876	0.030512495	0.037741998	0.042283696	0.046366121	0.047088032	0.046542201	0.045939091	0.045614417	0.046351423	0.047350276	0.05019261	0.048956309	0.048765094	0.060282385
20211126	0.025545772	0.025379327	0.024543243	0.026769338	0.027901696	0.029624043	0.030585438	0.037199946	0.041822637	0.045775368	0.046573098	0.045950461	0.045761893	0.045218568	0.045848244	0.046816996	0.049689772	0.048867224	0.049152631	0.066675973
20211125	0.025545772	0.025386038	0.025127605	0.026829091	0.027901696	0.029619998	0.030639938	0.036980864	0.041514274	0.045801457	0.04669591	0.046071175	0.045875726	0.045110086	0.045893149	0.046911403	0.050429108	0.050108013	0.050846508	0.064011792
20211124	0.025604769	0.025431066	0.024543243	0.026829091	0.027962884	0.029681828	0.030704443	0.036641402	0.04106087	0.045746514	0.04691726	0.046187636	0.045982545	0.045193941	0.046158628	0.047269565	0.051014059	0.050265371	0.050504078	0.066941718
20211123	0.025604769	0.025125858	0.024309497	0.02700835	0.028146447	0.029672131	0.030575433	0.036338265	0.04072037	0.045605888	0.046563993	0.045813001	0.045737913	0.044948496	0.045913993	0.047071702	0.050583723	0.049606539	0.048192455	0.06867044
20211122	0.025604769	0.025274015	0.024309497	0.02700835	0.02808526	0.029673644	0.030575433	0.036356586	0.040771546	0.045548681	0.046670844	0.045603749	0.045521341	0.045077942	0.045787417	0.046801423	0.049903902	0.048263159	0.046965376	0.066850338
20211119	0.025604769	0.025320306	0.024309497	0.027127856	0.028024071	0.029658136	0.030583787	0.036492238	0.04117522	0.046059306	0.047064593	0.046218936	0.045818124	0.045503043	0.045972563	0.046836709	0.049730275	0.048090534	0.046793625	0.06665814
20211118	0.025604769	0.025362465	0.024309497	0.027068103	0.02808526	0.029658268	0.030584651	0.036407026	0.041443406	0.046223639	0.047632401	0.046077973	0.045989195	0.045458398	0.046001965	0.046872577	0.049283343	0.047313507	0.046436164	0.066182126
20211117	0.025663767	0.025402327	0.024309497	0.027127856	0.028330011	0.02972579	0.030711359	0.035927625	0.041298957	0.045702718	0.046421459	0.0454095	0.044785519	0.044465594	0.044622107	0.045250742	0.047811421	0.045944898	0.044600644	0.066127023
20211116	0.025663767	0.025613868	0.024952297	0.027307115	0.028635951	0.029853129	0.030775412	0.035779533	0.041254496	0.045604828	0.046416956	0.045382351	0.045191645	0.04487653	0.045119202	0.045689497	0.047283145	0.045501794	0.044394144	0.062823509
20211112	0.025713123	0.025811685	0.026004151	0.027366868	0.028758327	0.029970498	0.030853612	0.035713037	0.041321853	0.045468782	0.04624128	0.045203527	0.044890622	0.045041194	0.04510434	0.045608573	0.047061506	0.045362172	0.043532515	0.065976837
20211111	0.025663767	0.025792479	0.026004151	0.027366868	0.028758327	0.029946477	0.030841072	0.036001053	0.041456463	0.045431012	0.04639257	0.045470601	0.045156958	0.045319243	0.045377199	0.045937296	0.047525343	0.045831445	0.04452698	0.061628411
20211110	0.025663767	0.025775616	0.026004151	0.027366868	0.028758327	0.030044647	0.030769058	0.035833048	0.041163128	0.045543635	0.04628494	0.045683014	0.04526222	0.045311439	0.04551924	0.046238964	0.047593228	0.045593412	0.043816383	0.062141494
20211109	0.025663767	0.025751872	0.026004151	0.027366868	0.028819515	0.030189981	0.03083355	0.035974622	0.041330394	0.04563357	0.04665181	0.04605908	0.045615475	0.045972993	0.046462952	0.047259489	0.048824781	0.047785228	0.045233931	0.065806475
20211108	0.025663767	0.024747293	0.025595095	0.027366868	0.028819515	0.03025825	0.030962516	0.035982707	0.041369812	0.045261079	0.046292239	0.045482025	0.045278815	0.045407929	0.045733427	0.046374899	0.047806825	0.046615527	0.043048963	0.063718087
20211105	0.025663767	0.024514825	0.025595095	0.027366868	0.028819515	0.03023607	0.031285158	0.035923793	0.041338815	0.045322181	0.046480153	0.045670999	0.045347513	0.045486822	0.045728643	0.046328049	0.047763469	0.045465254	0.0416742	0.063052667
20211104	0.025663767	0.024494002	0.025595095	0.027366868	0.028819515	0.030228354	0.031285003	0.036082897	0.041325218	0.045311981	0.046447208	0.045674294	0.045342388	0.045491086	0.045724914	0.046371634	0.048046514	0.045332411	0.041555013	0.062898955
20211103	0.025663767	0.02453874	0.025595095	0.028083904	0.029431394	0.030948579	0.030731181	0.036063886	0.041334831	0.045230561	0.045699577	0.045032171	0.044793726	0.045177785	0.045402682	0.045984644	0.047635565	0.044399562	0.041014896	0.06337893
20211101	0.025663767	0.024728023	0.025595095	0.027546127	0.029431394	0.030942528	0.03072853	0.036079742	0.041357994	0.045059035	0.045809261	0.045042437	0.044995309	0.045486759	0.045655091	0.046156319	0.047454591	0.044157222	0.041427269	0.061291408
20211029	0.025663767	0.025674436	0.025419787	0.027187609	0.029309018	0.030815897	0.030839608	0.03580955	0.040936446	0.044736722	0.045587751	0.044986141	0.044971004	0.045234189	0.045396658	0.045938203	0.047152063	0.043755072	0.040592249	0.058624804
20211028	0.025368781	0.025379327	0.025127605	0.026291314	0.028758327	0.030595369	0.029566341	0.036032216	0.041189843	0.044693492	0.045415542	0.044777436	0.04519189	0.045143388	0.045205359	0.045680125	0.047216813	0.044007552	0.040397804	0.059538692
20211027	0.025368781	0.025379327	0.025127605	0.026291314	0.028758327	0.030548394	0.031148432	0.036539784	0.041569454	0.045823112	0.046604101	0.046518824	0.046079724	0.046684783	0.04695081	0.047538178	0.049245656	0.046102409	0.043576524	0.066441565
20211026	0.025368781	0.025227559	0.02442637	0.026410821	0.028758327	0.030364536	0.03120521	0.037008274	0.042525021	0.047560612	0.048068568	0.047872947	0.047403944	0.048513283	0.048744923	0.049363267	0.050851318	0.048744871	0.046242264	0.066440962
20211025	0.025368781	0.025263178	0.02442637	0.026351067	0.028452387	0.030172239	0.03123463	0.036814505	0.041985826	0.046284208	0.047018439	0.046364233	0.046313435	0.046819586	0.047100268	0.047651737	0.048785361	0.046777037	0.045232449	0.067515242
20211022	0.025368781	0.024998696	0.02442637	0.026112055	0.028391199	0.030008965	0.030628837	0.036334782	0.041635333	0.0452838	0.046160032	0.0451767	0.045147845	0.04517367	0.045738925	0.046450169	0.048059996	0.046439703	0.045295074	0.06414895
20211021	0.025270072	0.025107586	0.02442637	0.026052302	0.028391199	0.029833626	0.029946154	0.036653337	0.041858585	0.045673109	0.046408127	0.045935948	0.045087929	0.045183315	0.045602035	0.046262957	0.048459151	0.046916993	0.045575943	0.067679524
20211020	0.025368781	0.025143241	0.024251061	0.02700835	0.028391199	0.029820346	0.03053902	0.036402471	0.041538683	0.04543798	0.046154558	0.045588157	0.044730665	0.044946149	0.045279956	0.045956491	0.047816613	0.046399928	0.044507045	0.072404092
20211019	0.025309784	0.025172663	0.024309497	0.027068103	0.028452387	0.029820435	0.030484242	0.036619899	0.041515174	0.045354027	0.046490923	0.045687648	0.044691716	0.04513552	0.045401154	0.046002294	0.048188707	0.046866947	0.045253085	0.068680317
20211018	0.025368781	0.025194979	0.024309497	0.027068103	0.028207636	0.029607129	0.030230834	0.035799395	0.040636344	0.044186449	0.045367256	0.044385451	0.043882969	0.044434827	0.04478097	0.045320015	0.0473348	0.045721227	0.045405995	0.065500916
20211015	0.025368781	0.025056857	0.024601679	0.027068103	0.028146447	0.029408185	0.030040421	0.03537117	0.039794301	0.043098783	0.043795293	0.043439473	0.042902217	0.043231881	0.043253185	0.043584308	0.045189302	0.043945735	0.043587603	0.059470661
20211014	0.025580091	0.025547132	0.025127605	0.026948597	0.028146447	0.029434145	0.03001689	0.035671097	0.040145706	0.043310256	0.044200003	0.044204187	0.043682138	0.044127952	0.04408906	0.04440577	0.045759489	0.045303463	0.044175429	0.060460057
20211013	0.025604769	0.025556392	0.025127605	0.026948597	0.028207636	0.029434145	0.030113635	0.036020433	0.040450818	0.043599432	0.044940187	0.045114944	0.044074671	0.044711068	0.044693991	0.04505149	0.046702529	0.045948619	0.04396756	0.067809634
20211012	0.025368781	0.025278146	0.024543243	0.026948597	0.028207636	0.029340038	0.030049626	0.036105417	0.040396511	0.043337484	0.044335257	0.044195794	0.04376037	0.044123689	0.044063735	0.044379898	0.045316801	0.045743719	0.044639413	0.061017792
20211011	0.025604769	0.025615414	0.025186041	0.02700835	0.028268823	0.029334322	0.030050446	0.035591706	0.039338818	0.042934758	0.043792252	0.043142507	0.043164499	0.043652967	0.043609738	0.043862206	0.04481389	0.045409618	0.044216913	0.069377013
20211008	0.025368781	0.025606809	0.025711969	0.026829091	0.027840508	0.029021534	0.029731694	0.035968398	0.03979023	0.043446678	0.044488347	0.044319407	0.043537132	0.044602784	0.044714598	0.045107042	0.046223805	0.046875559	0.046215404	0.063325976
20211007	0.025415441	0.025522254	0.025711969	0.026829091	0.027840508	0.029014914	0.029628079	0.035328487	0.038785405	0.042723943	0.043993449	0.043664701	0.042849831	0.044209955	0.044419489	0.04486284	0.045703475	0.045819631	0.045263494	0.060469544
20211006	0.025368781	0.025438349	0.025419787	0.026410821	0.027534568	0.028695361	0.029343973	0.034773238	0.038163296	0.041840053	0.042716987	0.042085149	0.041998173	0.042454561	0.042686574	0.043179383	0.044408517	0.04373284	0.041677323	0.05780914
20211005	0.025368781	0.025274015	0.024835424	0.026410821	0.027534568	0.028692316	0.02921582	0.034573521	0.038137735	0.041763877	0.042425664	0.041640411	0.041741372	0.042124103	0.042261976	0.042712831	0.044352963	0.043034483	0.040693223	0.05636721
20211004	0.025368781	0.024962045	0.024367933	0.026351067	0.027473381	0.028690461	0.029409045	0.034198931	0.037753413	0.041180124	0.04177565	0.040973362	0.041055698	0.041622114	0.041793091	0.042241167	0.043722366	0.042437452	0.040243411	0.054343222
20211001	0.025368781	0.024317627	0.023958879	0.025574278	0.026494373	0.028386175	0.029280796	0.03413198	0.037566255	0.040946561	0.041691243	0.041061623	0.041173641	0.041635963	0.041803582	0.042245602	0.043904721	0.0426077	0.040450941	0.0546266
20210930	0.025368781	0.024686212	0.023958879	0.025514525	0.026494373	0.02836335	0.029107264	0.034079088	0.037151049	0.040648457	0.041595077	0.041173037	0.041292838	0.041754056	0.041917252	0.042402484	0.044271964	0.043024641	0.040673234	0.060148663
20210929	0.025368781	0.024789111	0.023958879	0.025514525	0.026494373	0.028104861	0.028876085	0.033870918	0.037173833	0.040535354	0.041144122	0.040999001	0.041045705	0.041596224	0.041900616	0.04249448	0.04472269	0.044086637	0.042725784	0.057694448
20210928	0.025368781	0.024599828	0.023140771	0.025156007	0.026433185	0.027590593	0.0288983	0.033326829	0.036450098	0.039966558	0.040767139	0.04035991	0.040546373	0.041338248	0.041508069	0.041991276	0.043942668	0.04354607	0.042562543	0.056000951
20210927	0.025368781	0.024633954	0.023023899	0.025156007	0.026433185	0.027590326	0.028769289	0.033028421	0.036265059	0.039707696	0.040510929	0.040388333	0.040598881	0.041270267	0.041376899	0.041790107	0.043735179	0.043460384	0.04341444	0.054435309
20210924	0.024998615	0.024696535	0.023374517	0.025096254	0.026433185	0.027525844	0.027995228	0.03221329	0.035889378	0.038770995	0.039074534	0.039095161	0.039359217	0.039719589	0.039785162	0.040214863	0.041888363	0.04039419	0.040374669	0.050401132
20210923	0.025368781	0.024789111	0.023023899	0.024916996	0.026188434	0.027408569	0.027993713	0.032029147	0.035582333	0.038517068	0.038720953	0.03833787	0.038726399	0.039231547	0.039102763	0.039400909	0.041143223	0.039134214	0.038937902	0.049637614
20210922	0.025368781	0.024873429	0.022965463	0.024916996	0.026066058	0.027409911	0.027993783	0.031994703	0.03563223	0.038638408	0.038737063	0.038684468	0.039032439	0.039039136	0.038904182	0.039272864	0.040948693	0.039178935	0.038979013	0.050806807
20210921	0.025368781	0.024237782	0.022907027	0.024677983	0.025882494	0.02728197	0.02773633	0.031756375	0.035588755	0.03812002	0.038289941	0.038278728	0.038342184	0.038579553	0.038570436	0.038981235	0.040636688	0.039416553	0.038561823	0.050105156
20210920	0.025368781	0.023659612	0.022965463	0.02479749	0.026004869	0.02734527	0.027800777	0.031476403	0.034922192	0.037843116	0.037915441	0.037696362	0.037757832	0.037895223	0.037942937	0.038374309	0.040180934	0.038848061	0.037924086	0.050218261
20210917	0.024837807	0.023911871	0.022965463	0.02479749	0.026004869	0.027762639	0.027922027	0.031745035	0.034883626	0.037724901	0.038001044	0.03785689	0.037847028	0.037781537	0.037799155	0.038253171	0.039782551	0.038325915	0.037356448	0.049475474
20210915	0.025368781	0.024021828	0.022790154	0.02479749	0.026616749	0.028384289	0.028767283	0.031592924	0.034882526	0.037498111	0.038069323	0.037963798	0.03786053	0.037798659	0.03762033	0.037928688	0.039569624	0.037935232	0.03652355	0.049416998
20210914	0.025368781	0.024149681	0.022790154	0.02479749	0.026922689	0.028486846	0.029282874	0.032165804	0.03550854	0.038302358	0.038724756	0.038428377	0.03829721	0.038146917	0.03801948	0.03837519	0.03958816	0.037603431	0.035421628	0.050159779
20210913	0.024827972	0.024097713	0.022790154	0.025454773	0.027228629	0.02864655	0.029476653	0.032773669	0.036205701	0.038606673	0.03874309	0.038201529	0.038128667	0.037981435	0.037953053	0.038325325	0.039074855	0.036559082	0.034937774	0.04740858
20210910	0.024949665	0.024344158	0.022439537	0.025574278	0.027351005	0.028630769	0.029525599	0.032586158	0.036279422	0.038489366	0.038685601	0.038200231	0.037971135	0.037617562	0.037424163	0.037688008	0.038843286	0.036336412	0.034481389	0.04667035
20210909	0.025368781	0.02443498	0.022439537	0.025574278	0.027289817	0.028929751	0.029670284	0.032572706	0.036196021	0.038485813	0.038739318	0.038136708	0.03778916	0.037424299	0.037289552	0.037624617	0.038512022	0.036024937	0.033967144	0.044977823
20210908	0.025368781	0.024532721	0.022556409	0.026052302	0.027289817	0.028919762	0.02979925	0.033102341	0.03672182	0.039268445	0.03939286	0.039024198	0.038528574	0.038231613	0.037991109	0.038209661	0.039139577	0.036293164	0.033930894	0.048055897
20210907	0.025368781	0.024510003	0.022439537	0.025932797	0.027289817	0.028914876	0.029864193	0.033460217	0.036820956	0.039620998	0.039582002	0.039265908	0.038676251	0.038343933	0.038184419	0.038447499	0.039127824	0.036412268	0.033695859	0.04575887
20210906	0.025368781	0.024635276	0.024192625	0.026171808	0.027840508	0.029064515	0.029928698	0.033424895	0.036909572	0.039484438	0.039394659	0.03906803	0.038585482	0.038187725	0.03789354	0.038046627	0.038602772	0.036271941	0.033365656	0.045218804
20210903	0.025291648	0.025042886	0.024192625	0.025992549	0.027842693	0.029057945	0.029916965	0.0335688	0.036957417	0.039492262	0.03962552	0.039486773	0.038954153	0.038354875	0.038018793	0.03817246	0.03875918	0.036323059	0.033426692	0.045335172
20210902	0.025368781	0.025143241	0.024192625	0.026291314	0.027844155	0.029055717	0.029928904	0.033436102	0.036842153	0.039265312	0.039581148	0.039252928	0.038683824	0.038182798	0.037861922	0.038034918	0.038529275	0.035943098	0.03322343	0.045995104
20210901	0.025368781	0.024784636	0.023549825	0.02539502	0.02777932	0.029120085	0.03005787	0.033263923	0.036942054	0.039366835	0.039468891	0.039236331	0.038773964	0.038119734	0.037752317	0.037924249	0.038179317	0.035477361	0.033287758	0.045162706
20210831	0.025368781	0.024931931	0.023549825	0.025096254	0.027656944	0.029160262	0.030057921	0.033264833	0.036844286	0.039346154	0.039421017	0.039065004	0.038745936	0.03821312	0.037816277	0.037935462	0.038515669	0.035752762	0.033032796	0.045731399