DATE 	1	7	30	90	180	270	360	720	1080	1440	1800	2160	2520	2880	3240	3600
20220831	8.474534176	8.485939532	8.530185282	8.65607153	8.83420496	8.9386067	9.022492272	9.231519944	9.399642638	9.717526412	10.11555713	10.61193535	11.14760396	11.72801616	12.35161737	13.02164308
20220830	8.437748497	8.471546821	8.528548057	8.656642594	8.842471925	8.938453887	9.022550424	9.211535756	9.379308093	9.663554613	10.02316608	10.50097437	11.01749094	11.58917016	12.20424754	12.864885
20220829	8.473341801	8.498242059	8.52801649	8.665375024	8.842281485	8.93842296	9.0225268	9.21167887	9.358435	9.663537468	10.02391639	10.50166935	11.01812538	11.58480517	12.19381196	12.84759299
20220826	8.42226541	8.46048701	8.531170453	8.655455713	8.825065592	8.93728959	9.013100697	9.211875653	9.348117456	9.674681582	10.02449733	10.52051895	11.05888212	11.61944667	12.21877807	12.8615642
20220825	8.453409551	8.484066557	8.523925198	8.646667787	8.824944072	8.927735084	9.003596452	9.191963022	9.338039653	9.675274791	10.04874595	10.5406052	11.07264638	11.6234209	12.21147479	12.8415252
20220824	8.434502388	8.457179037	8.523925198	8.646667787	8.824944072	8.927735084	9.003596452	9.191963022	9.338039653	9.675211355	10.06031219	10.5722562	11.12682148	11.69717959	12.30669421	12.96084458
20220823	8.435612899	8.470893417	8.523925198	8.646667787	8.824944072	8.927735084	9.003596452	9.192118659	9.317265584	9.665425109	10.03770984	10.54789671	11.10128315	11.67010723	12.27791142	12.93017931
20220822	8.453409551	8.484066557	8.523925198	8.646667787	8.827329123	8.945443303	9.01321155	9.211920376	9.337509791	9.696356025	10.0831974	10.59621568	11.15200079	11.72390841	12.33514856	12.9911948
20220819	8.453409551	8.484066557	8.523925198	8.646667787	8.827329123	8.945443303	9.013158849	9.221662915	9.378832086	9.739900363	10.12847663	10.65639107	11.22940596	11.79697678	12.40109335	13.04895219
20220818	8.417816247	8.457718497	8.523925198	8.646914829	8.837977511	8.964468632	9.032009238	9.29123995	9.46095029	9.803394378	10.19419028	10.71289821	11.27509561	11.84480929	12.45254158	13.10439174
20220817	8.46563763	8.477033999	8.521324064	8.64755929	8.837982953	8.963000527	9.022514079	9.281232649	9.461179607	9.803867574	10.18292213	10.68140388	11.22089427	11.79600967	12.41266471	13.07470696
20220816	8.462307877	8.487287292	8.516857131	8.646440436	8.816717009	8.936014322	9.003632797	9.211585845	9.400142966	9.718500236	10.09295646	10.59970394	11.14892694	11.7103527	12.30950615	12.95192371
20220815	8.489002855	8.510416398	8.523925198	8.646418954	8.814905096	8.912242665	8.956671288	9.132328886	9.29791085	9.633972992	9.981924621	10.51976564	11.10674886	11.64818623	12.21937508	12.83035402
20220812	8.471206203	8.497241478	8.523925198	8.646418954	8.814905096	8.913887234	8.965690326	9.132275218	9.297770132	9.633606093	10.02828782	10.55802816	11.1325708	11.69440039	12.29154078	12.93171595
20220811	8.462307877	8.49296853	8.532742119	8.646646305	8.821503433	8.895844279	8.956075228	9.102425054	9.277522451	9.612876328	9.983179649	10.52213392	11.10893907	11.67028306	12.26565082	12.90386356
20220810	8.434502388	8.457179037	8.523925198	8.646667787	8.821514316	8.893170036	8.936941348	9.112418042	9.29808805	9.678568305	10.02949712	10.60110058	11.22734689	11.81336542	12.43459561	13.10177817
20220809	8.440062062	8.469380082	8.512916449	8.647267492	8.823768777	8.915213441	8.975140053	9.141779827	9.359140325	9.764643723	10.16674735	10.7668054	11.42311725	12.0532297	12.72489407	13.44882391
20220808	8.433299334	8.467151027	8.524003161	8.646175492	8.805595237	8.904452796	8.955848071	9.181712425	9.421333976	9.829672198	10.23455272	10.83820056	11.49863058	12.14400386	12.83378816	13.57816199
20220805	8.431163736	8.46644243	8.519428142	8.628336484	8.798155331	8.902942848	8.94724155	9.201846886	9.431637623	9.851099757	10.28084139	10.90091757	11.57900304	12.23562952	12.93727514	13.69497709
20220804	8.424934908	8.46021283	8.51325488	8.629095515	8.826532896	8.932979875	8.984322644	9.250997865	9.523993457	9.93699344	10.3938989	11.03430974	11.73453963	12.40250196	13.11553914	13.88588841
20220803	8.416711075	8.43937331	8.506200988	8.629113417	8.826540152	8.935928818	9.003318412	9.270860406	9.544239402	9.969318227	10.41628954	11.05735092	11.75908121	12.4392307	13.16702782	13.95415312
20220802	8.412477252	8.446284802	8.503344703	8.629532315	8.817090636	8.927971581	9.00349832	9.231310639	9.461777222	9.849431569	10.27823819	10.89848262	11.57672921	12.23340062	12.93509257	13.69284733
20220801	8.426714573	8.460483449	8.517613728	8.64767028	8.834411725	8.934233313	8.99377237	9.251044377	9.503030027	9.914996674	10.33556297	10.96465621	11.65397045	12.29556546	12.97755325	13.71273684
20220729	8.424934908	8.45867991	8.515886135	8.646445807	8.815819214	8.924955326	8.984506186	9.20106691	9.483379961	9.828597219	10.24302289	10.86090841	11.53717906	12.16045112	12.82156153	13.5332828
20220728	8.417816247	8.451471092	8.508977539	8.646463708	8.81492686	8.912257219	8.956680374	9.191694681	9.421360035	9.807354825	10.21062251	10.81315609	11.4722955	12.06991956	12.70157823	13.38005771
20220727	8.438949771	8.458325611	8.513098954	8.646452967	8.81492142	8.91389633	8.965539494	9.161798006	9.380008206	9.764192816	10.16562613	10.75297403	11.39443295	11.99635787	12.63516425	13.3219001
20220726	8.435612899	8.466266171	8.506200988	8.627375165	8.758251533	8.847780671	8.898960714	9.072925522	9.299133876	9.701708628	10.17117128	10.75541065	11.38878691	11.99426574	12.63823345	13.33082579
20220725	8.42226541	8.451577916	8.495194012	8.627409178	8.758267857	8.846319844	8.889534611	9.053066558	9.278912253	9.658968381	10.0554496	10.62404343	11.24380467	11.82995921	12.45197854	13.12002656
20220722	8.406604357	8.440338284	8.497646307	8.627403807	8.757364622	8.842617745	8.917965569	9.073106203	9.267950188	9.658073424	10.05506344	10.6236851	11.24347188	11.82963522	12.45166628	13.11972116
20220721	8.431163736	8.456189138	8.48572858	8.610330992	8.774899729	8.846168849	8.889327444	9.083072358	9.289231535	9.636222389	10.03087917	10.5730945	11.1621666	11.73654262	12.34743828	13.00307483
20220720	8.454429299	8.465160546	8.490594187	8.610313091	8.775184485	8.846163392	8.88932381	9.08307057	9.289229797	9.636220674	10.03087748	10.5730945	11.1621666	11.73654262	12.34743828	13.00307322
20220719	8.440062062	8.464978946	8.4948166	8.627905054	8.773316346	8.836599788	8.87965056	9.083066991	9.299571664	9.66910781	10.07752183	10.62248846	11.21396788	11.79142814	12.40574648	13.0651544
20220718	8.417816247	8.447071737	8.490875918	8.627915796	8.773321787	8.836603427	8.879757778	9.062995145	9.299889581	9.647927137	10.03123146	10.57281784	11.1619125	11.74634552	12.36947273	13.03892706
20220715	8.435612899	8.460474548	8.490498505	8.627171086	8.748062018	8.827309068	8.87038801	9.043724741	9.217687989	9.550383569	9.917740371	10.44690884	11.02244844	11.60279101	12.22250091	12.88835572
20220714	8.417816247	8.453091251	8.506200988	8.627623998	8.765036684	8.836656184	8.879745057	9.073360232	9.258395297	9.614889126	9.985628731	10.5370636	11.13840046	11.72231938	12.34363293	13.0110811
20220713	8.443398935	8.455336329	8.49733977	8.618846812	8.765238008	8.836694387	8.879772316	9.073376333	9.258405721	9.614709106	10.02042738	10.58798586	11.20581521	11.79969736	12.43137757	13.11041935
20220712	8.408917922	8.444191058	8.49733977	8.61859977	8.757408151	8.836763517	8.879928601	9.05333132	9.258266741	9.659482725	9.98663648	10.54824504	11.16442403	11.75099056	12.37399643	13.04330873
20220711	8.417816247	8.448464005	8.48847678	8.609820794	8.758365798	8.844959072	8.88048468	9.073059691	9.299439633	9.702332699	10.101408	10.66588755	11.28081378	11.87893141	12.51594784	13.20088656
20220708	8.400197562	8.433850526	8.491428747	8.629322866	8.803928423	8.885238267	8.936812323	9.151957076	9.400757954	9.874637839	10.33071392	10.92196546	11.56483056	12.20234588	12.88418635	13.61939406
20220707	8.435612899	8.461638926	8.48847678	8.610567293	8.786736109	8.877623042	8.93692681	9.141881796	9.421981971	9.852850239	10.33006524	10.90329418	11.52360004	12.1621411	12.84758415	13.58697194
20220706	8.345542266	8.363476867	8.48847678	8.610567293	8.786736109	8.877623042	8.937032211	9.12179206	9.422072309	9.864512126	10.33069529	10.90327085	11.52357709	12.16212157	12.8475615	13.58694783
20220705	8.373324618	8.411476306	8.482548038	8.611056009	8.786745177	8.876160395	8.927442556	9.13196752	9.41160536	9.875159041	10.37814076	10.94190503	11.54960231	12.17323674	12.8416836	13.56171062
20220704	8.377773782	8.417666739	8.483981496	8.592484825	8.765974381	8.836798083	8.879954042	9.052726661	9.340477018	9.823287479	10.31241864	10.87189652	11.47550378	12.08903204	12.74566816	13.45245333
20220701	8.37225682	8.412147515	8.478513446	8.591045531	8.732703381	8.773209311	8.832182037	8.983809742	9.259661755	9.683583157	10.12905926	10.66493423	11.24360138	11.83149779	12.45975588	13.13486412
20220630	8.411765386	8.442412444	8.482307061	8.571940876	8.709485868	8.778728804	8.813831394	8.974326599	9.208796729	9.574844041	9.990438824	10.51864399	11.09005501	11.67863206	12.30867616	12.98609143
20220629	8.398917983	8.419014497	8.470665748	8.572748241	8.717761902	8.780226015	8.822932208	8.974564528	9.166975842	9.585670975	9.991975006	10.51946564	11.09081404	11.66934201	12.28717239	12.95077606
20220628	8.438460364	8.464485777	8.491123982	8.574124879	8.737225002	8.801747305	8.860829248	9.033518869	9.279278813	9.725579319	10.17390829	10.71206657	11.29331571	11.88440189	12.51620671	13.19523025
20220627	8.413367084	8.4440148	8.483894674	8.574142781	8.73723407	8.799073063	8.841967955	8.993974469	9.218113617	9.628610102	10.02480389	10.52181393	11.05849194	11.62792428	12.23820444	12.89334659
20220624	8.400019596	8.43066362	8.470665748	8.574176794	8.737252208	8.799083978	8.841975225	8.993978047	9.218664325	9.552027753	9.965841298	10.45526033	10.98171301	11.54106413	12.14022484	12.78296415
20220623	8.386672107	8.421939686	8.475162803	8.591127878	8.732707008	8.77187219	8.822699599	8.974612829	9.157269811	9.487551342	9.87545051	10.33439789	10.82723874	11.36563754	11.94294381	12.56134094
20220622	8.390023217	8.404345826	8.479573035	8.589987542	8.718561755	8.788097751	8.823306562	8.94473762	9.126305017	9.488463445	9.854120121	10.3232698	10.82942568	11.36884168	11.94605346	12.56433705
20220621	8.417282348	8.447929887	8.487730814	8.562556824	8.696641056	8.73911544	8.76628291	8.827820008	8.953606452	9.275228547	9.630886091	10.10213948	10.61103181	11.14301668	11.71125287	12.31980893
20220620	8.408917922	8.439563812	8.479441916	8.562250706	8.688390415	8.737807426	8.75655696	8.836312081	8.994768919	9.318474565	9.67577916	10.14906682	10.66025596	11.19029237	11.75587833	12.36137372
20220617	8.418528114	8.444548918	8.471328435	8.562452995	8.688401297	8.737812884	8.756562412	8.836469507	8.974071289	9.318438561	9.676487125	10.15594167	10.67426286	11.22019115	11.80429782	12.43060125
20220616	8.380087346	8.415352225	8.468507587	8.563040169	8.696664635	8.733252117	8.727831607	8.816658845	8.963943106	9.362550392	9.747144676	10.23687829	10.76556674	11.31220267	11.89601443	12.52183517
20220615	8.3944706	8.407579023	8.466214762	8.563097455	8.696666449	8.736193784	8.746954584	8.865888537	9.055904584	9.447772	9.882035595	10.39306165	10.94326453	11.49150255	12.07486251	12.69986026
20220614	8.402155194	8.432798313	8.472783156	8.5716634	8.696468753	8.73321937	8.727806166	8.836417628	8.994999974	9.34034103	9.722069527	10.27349085	10.87365955	11.38212062	11.91245898	12.47799595
20220613	8.386672107	8.421939686	8.47507598	8.571606115	8.696466938	8.733217552	8.727806166	8.816877095	8.933532495	9.275641736	9.677884423	10.22825681	10.82577805	11.33128423	11.85839134	12.4203993
20220610	8.39112127	8.426388892	8.479484441	8.571495125	8.697653116	8.741322145	8.727806166	8.806984286	8.912897406	9.275600589	9.724860736	10.26714098	10.85230492	11.36795599	11.90851449	12.48555859
20220609	8.35997713	8.404491818	8.483807852	8.55605136	8.715106606	8.730024833	8.709351939	8.768543659	8.831790283	9.147328414	9.543543955	10.08738979	10.67745638	11.18409738	11.71355356	12.27846433
20220608	8.354438812	8.371162831	8.479397619	8.553004498	8.675552858	8.689390891	8.651475994	8.717873873	8.895740297	9.052999493	9.39375191	9.910091876	10.47127265	10.95564295	11.46139917	12.00013818
20220607	8.34769744	8.392208875	8.471725338	8.568598636	8.639758964	8.673732925	8.652393708	8.699853935	8.895135733	9.17197062	9.544094405	10.0867148	10.6768285	11.21280112	11.77771054	12.38240928
20220606	8.395570433	8.426212633	8.466259059	8.571828096	8.697669439	8.744272909	8.746934594	8.836278091	8.994772394	9.329068332	9.74484972	10.2615461	10.81920903	11.37088498	11.95785457	12.58713268
20220603	8.36656189	8.406450252	8.472783156	8.571149622	8.684634187	8.710513773	8.737406724	8.816841316	8.954035552	9.297196167	9.723570141	10.22721016	10.76905535	11.3068364	11.87860563	12.4908645
20220602	8.371011054	8.410901239	8.477193388	8.570523065	8.673983984	8.690038531	8.70911933	8.758901301	8.934550525	9.25601781	9.656574357	10.13717707	10.65394925	11.17872459	11.73740331	12.33514316
20220601	8.376679287	8.392207095	8.483894674	8.570354789	8.679933007	8.737925675	8.756580584	8.846482174	8.974012223	9.318167673	9.676312674	10.13712707	10.63392417	11.14200398	11.68250082	12.25987357
20220531	8.355527966	8.400040832	8.479484441	8.569948421	8.674778397	8.756205128	8.766201134	8.836519597	8.953055742	9.339696387	9.746357108	10.23734162	10.76599298	11.28316192	11.83130251	12.41701742
20220530	8.400019596	8.43066362	8.470665748	8.571717105	8.700047235	8.772205105	8.822894045	8.984918882	9.136669467	9.465484282	9.864084125	10.3544408	10.88287289	11.44162023	12.03998987	12.6820105
20220527	8.404468759	8.435112826	8.47507598	8.571606115	8.700041794	8.7693071	8.804316245	8.955258345	9.095963897	9.423121221	9.796666613	10.28267399	10.80764153	11.34709816	11.92252406	12.53883464
20220526	8.424045076	8.454695387	8.494474625	8.570605412	8.690565073	8.761417172	8.804243554	8.895695766	9.034392181	9.403198974	9.742412493	10.2426115	10.78630495	11.34548469	11.9429875	12.58419602
20220525	8.369562406	8.389636205	8.441392364	8.535464449	8.661842898	8.723808582	8.766139347	8.87619459	9.035309452	9.403752751	9.858889565	10.33243627	10.83780949	11.40660102	12.01952642	12.67804192
20220524	8.373324618	8.403961261	8.444037795	8.534882644	8.651196324	8.704888766	8.747159934	8.836383638	9.035788933	9.427028518	9.860264845	10.37016047	10.91909345	11.46580269	12.04747436	12.67061108
20220523	8.361756795	8.392390476	8.432573672	8.536715775	8.680758253	8.73661948	8.747139944	8.895552651	9.11691169	9.600010877	9.996944305	10.51082916	11.06719051	11.64803969	12.27021497	12.93877549
20220520	8.351078804	8.386337133	8.439627562	8.536540338	8.680749184	8.739553871	8.766259286	8.89545426	9.116631993	9.599657695	10.01999718	10.53614529	11.09361083	11.69103995	12.33325397	13.02442864
20220519	8.355705933	8.39096438	8.444301807	8.554916395	8.699267332	8.762794317	8.81359515	8.934633718	9.177698166	9.619513076	10.08631379	10.59560237	11.14199562	11.73147429	12.36504448	13.04635468
20220518	8.38112667	8.394222501	8.452943311	8.554699785	8.699258264	8.764125981	8.822915852	8.974351645	9.218070185	9.728207616	10.13163198	10.63948311	11.18863447	11.81166729	12.48580438	13.21299643
20220517	8.355705933	8.39096438	8.444301807	8.554916395	8.699267332	8.764133257	8.822710502	9.01368674	9.321467998	9.792327417	10.31477626	10.87592477	11.47922354	12.1337402	12.84051222	13.60425592
20220516	8.353036435	8.388293788	8.441656376	8.553951495	8.681558106	8.754773407	8.813293485	8.994709721	9.197012943	9.771479351	10.22602836	10.76596709	11.34928921	12.00460755	12.71456365	13.48217831
20220513	8.368875456	8.40413752	8.457351772	8.554588795	8.69805939	8.755966811	8.822932208	8.954508782	9.197921527	9.662515638	10.15544025	10.69460027	11.27408082	11.93457889	12.6513661	13.42689466
20220512	8.405358592	8.431375778	8.458320996	8.572026804	8.697678508	8.753225256	8.803814682	8.954585706	9.197714793	9.728519651	10.2264467	10.82001095	11.46279691	12.16011084	12.91539601	13.73449893
20220511	8.380236837	8.400320354	8.451974088	8.535715072	8.670089914	8.726411876	8.784833452	8.935068429	9.177847571	9.685592526	10.18071525	10.7719403	11.41205469	12.08527597	12.81134599	13.59719316
20220510	8.382222944	8.408234208	8.435219102	8.536651329	8.678371388	8.723681237	8.765939449	8.895393436	9.137157635	9.643118023	10.13621173	10.71225322	11.33473312	12.03258678	12.79075473	13.61338252
20220509	8.377061915	8.403071063	8.43010543	8.534717949	8.646199507	8.721272599	8.747330755	8.915622709	9.137204541	9.664609018	10.18291197	10.78802829	11.4428702	12.1291489	12.86969626	13.67200305
20220506	8.377773782	8.408412247	8.448448027	8.535287221	8.664792018	8.737432668	8.747227172	8.915009104	9.199156713	9.708278512	10.25120851	10.89976259	11.60381512	12.3246567	13.10245179	13.94702929
20220505	8.31904483	8.363548083	8.443157166	8.53645083	8.680745557	8.736610384	8.747132674	8.914959015	9.198651173	9.77383676	10.38118094	11.08488868	11.8497736	12.61186017	13.43392631	14.3287989
20220504	8.345542266	8.359821717	8.435219102	8.535620192	8.664808341	8.742802985	8.785067877	8.934540693	9.239056199	9.849877334	10.46215309	11.18344326	11.968947	12.75659834	13.60795945	14.5362982
20220503	8.355527966	8.39078634	8.444037795	8.53591378	8.672484032	8.742726578	8.784958842	8.944299332	9.269814261	9.904646365	10.5322873	11.26466987	12.06240667	12.86266216	13.72822912	14.67274244
20220502	8.427782372	8.444550698	8.445095614	8.536402495	8.684313157	8.772701751	8.823046694	8.993348342	9.362138823	9.968702729	10.6225138	11.36161282	12.16559772	12.97356963	13.84789045	14.80228303
20220429	8.426714573	8.443482461	8.444037795	8.536943125	8.691386691	8.762921661	8.813478845	8.973836431	9.300478509	9.881236868	10.50602317	11.22414572	12.00506592	12.81112079	13.68567945	14.6406884
20220428	8.444511225	8.452030135	8.426402181	8.53859724	8.718871903	8.781726866	8.832694502	8.953759218	9.269124571	9.859519563	10.47169368	11.1937497	11.98011777	12.77409084	13.63317311	14.57038235
20220427	8.434502388	8.4418534	8.417494893	8.520031424	8.685923746	8.778044779	8.804588834	8.974081516	9.269638797	9.837253624	10.45947198	11.18806982	11.98138502	12.77593225	13.63500298	14.57219706
20220426	8.44273156	8.454876986	8.442143645	8.506161217	8.610897134	8.706959031	8.756584219	8.915028782	9.23982059	9.861996985	10.48697927	11.2035695	11.98275555	12.81915719	13.73156203	14.73035193
20220425	8.44985022	8.461998565	8.449066418	8.480826784	8.625167534	8.687622616	8.737419445	8.895482883	9.199141079	9.796512459	10.4649443	11.19575132	11.98864421	12.81540275	13.71442503	14.69772085
20220422	8.446646823	8.458793855	8.445848666	8.471147354	8.604079335	8.651165587	8.708706813	8.875852904	9.199735218	9.819743651	10.46593173	11.26105494	12.13148213	12.98472551	13.90843139	14.91998862
20220421	8.440062062	8.452206394	8.439322798	8.470280914	8.587568983	8.651303847	8.708806762	8.875597085	9.240948068	9.885797382	10.55988605	11.36176448	12.23857492	13.12174639	14.08187075	15.1354508
20220420	8.425605841	8.438059379	8.443819853	8.490719243	8.641505583	8.688803285	8.746622026	8.934662341	9.301562555	9.971704782	10.65142008	11.41923993	12.25562779	13.1482831	14.12438807	15.19651292
20220419	8.417816247	8.429955023	8.417583488	8.537625179	8.68077639	8.745362618	8.80331312	9.073242162	9.444534988	10.09911972	10.83346515	11.6284255	12.49355165	13.36170835	14.30393184	15.33616223
20220418	8.364426292	8.395059288	8.435219102	8.535620192	8.661850153	8.726493741	8.784471818	9.013899623	9.362437631	10.01301687	10.67056899	11.42547979	12.24809483	13.07393178	13.96835427	14.94577875
20220413	8.355527966	8.39078634	8.444037795	8.535398212	8.661839271	8.726484645	8.784571767	8.994147996	9.321476684	9.925033235	10.60040769	11.36572106	12.19915592	13.01136153	13.88784012	14.84464509
20220412	8.408917922	8.425682075	8.426357883	8.527111533	8.662051478	8.729209826	8.803358551	9.053478013	9.424212605	10.05546051	10.78664127	11.56549183	12.41159062	13.22851518	14.10917315	15.07031885
20220411	8.412261913	8.424706419	8.430768116	8.527000542	8.662046036	8.729206187	8.803354916	9.053478013	9.424054514	10.07764415	10.81075101	11.60427268	12.4677297	13.30075808	14.19951293	15.18143907
20220408	8.492206251	8.499737591	8.473623031	8.523864171	8.621806699	8.673825705	8.755599267	9.004330611	9.373670708	10.0136358	10.71854627	11.51842783	12.39111472	13.21935538	14.11134925	15.08563702
20220407	8.451095986	8.463243061	8.450519367	8.523930407	8.613574194	8.673909388	8.75550477	9.034229076	9.404795329	10.01259682	10.74041864	11.54304397	12.41737929	13.27510217	14.20351889	15.21990808
20220406	8.448960388	8.461108368	8.448448027	8.53322674	8.622836896	8.681966683	8.755784627	8.98429991	9.363667606	9.969938869	10.67139552	11.44200944	12.28008905	13.09813051	13.98123616	14.94551193
20220405	8.431163736	8.443306202	8.430723819	8.515180075	8.605528503	8.672685058	8.746423945	8.964893547	9.30191348	9.904720088	10.55484391	11.34249322	12.20395932	13.01847641	13.89492661	14.8516789
20220404	8.425605841	8.438059379	8.443950973	8.514848893	8.610848164	8.70545818	8.746714706	8.974569895	9.32256073	9.904428626	10.52986701	11.34134158	12.23257477	13.05681373	13.94219576	14.90920321
20220401	8.426714573	8.438855216	8.426402181	8.534811037	8.644148182	8.717141167	8.775060253	8.99383851	9.384026472	9.969508534	10.62214626	11.45380253	12.36736003	13.20811484	14.1114625	15.0989267
20220331	8.471206203	8.474518301	8.434533381	8.534589057	8.646194066	8.723950481	8.765610525	8.993682873	9.404406185	10.05779392	10.78936981	11.62139398	12.53059354	13.37112539	14.27436112	15.26131055
20220330	8.417816247	8.429955023	8.417583488	8.537129303	8.663063537	8.738680649	8.81264836	9.112373319	9.589729367	10.25339197	10.99593789	11.85472737	12.79549346	13.63515259	14.53351302	15.51415035
20220329	8.400019596	8.416069725	8.41885216	8.555718389	8.701973413	8.786349486	8.860104163	9.191676792	9.650389023	10.33940909	11.0637314	11.87186201	12.75382688	13.60906686	14.53298719	15.5433465
20220328	8.468485095	8.475860718	8.451313173	8.543946256	8.664743048	8.751580687	8.841195622	9.132393287	9.568225651	10.23023964	10.9477455	11.72187852	12.56370418	13.3913564	14.28549565	15.26185865
20220325	8.453409551	8.465557574	8.452767894	8.517718531	8.662209272	8.726539221	8.783981158	9.112748996	9.569695367	10.18737081	10.85244638	11.64521182	12.51237506	13.32741365	14.20337329	15.15884919
20220324	8.453409551	8.465557574	8.452723597	8.508987889	8.662399712	8.726570147	8.784002966	9.113071003	9.528381758	10.09801388	10.85354221	11.58476975	12.37286017	13.22700917	14.15997421	15.1817509
20220323	8.413367084	8.430131282	8.430679522	8.50953926	8.662426919	8.730606981	8.812621101	9.112920733	9.527950919	10.09804474	10.7812333	11.54453561	12.37530941	13.16732883	14.01876218	14.94627543
20220322	8.435612899	8.447755408	8.435043685	8.499670074	8.643709261	8.713120706	8.803556632	9.013681373	9.404555588	9.94648994	10.59674592	11.36098617	12.19466401	12.96361857	13.78655189	14.68167455
20220318	8.390023217	8.399472886	8.408546852	8.493162819	8.663270301	8.732025967	8.822690512	9.023482946	9.403937127	9.967986077	10.62032046	11.34637147	12.13493632	12.91825266	13.76367289	14.68481534
20220317	8.404468759	8.421231089	8.421774006	8.493130597	8.661454761	8.710351863	8.784524518	8.993690028	9.404828337	9.969664553	10.57400469	11.30803395	12.10916683	12.88098664	13.71094327	14.61434211
20220316	8.368875456	8.394883028	8.421991949	8.536980719	8.680769135	8.742679278	8.784820731	8.963312129	9.405179262	9.92605335	10.55030313	11.33691167	12.19864607	12.95909728	13.76864476	14.64836356
20220315	8.408366226	8.418891651	8.426402181	8.537387087	8.691410269	8.765617735	8.831773154	9.122709784	9.506393349	10.09747725	10.75739116	11.55791866	12.43436988	13.23373818	14.08946365	15.02177487
20220314	8.358886194	8.375604915	8.415894878	8.573326464	8.698924538	8.761417172	8.803298582	9.07289332	9.465640872	10.05473529	10.76023826	11.56982508	12.45391789	13.27124354	14.1484077	15.10540758
20220311	8.337731315	8.359102437	8.37240031	8.302467148	8.359583556	8.375942309	8.367211846	8.680290146	9.124585136	9.830604874	10.57408767	11.41886827	12.34204794	13.16891462	14.05407004	15.02056132
20220310	8.337731315	8.359102437	8.37253143	8.330195033	8.386156463	8.405264384	8.451576102	8.739342878	9.164199712	9.849729888	10.59394794	11.41376671	12.30726348	13.16271637	14.08650933	15.09778386
20220309	8.355527966	8.372277358	8.372444607	8.310164862	8.351459875	8.445336189	8.499626148	8.76907855	9.163409263	9.826306676	10.54481894	11.36067283	12.2510408	13.1024955	14.02173107	15.02785071
20220308	8.34662964	8.363375384	8.363494795	8.283174526	8.32696187	8.388249285	8.44259341	8.690521063	9.061931113	9.719323186	10.45563576	11.28017787	12.17940953	13.0260374	13.93847293	14.93687558
20220307	8.301063094	8.321089231	8.37240031	8.298863542	8.299440383	8.366748006	8.404520096	8.681000352	9.041891902	9.720022693	10.48093617	11.29485256	12.17994233	13.02539592	13.93783061	14.93623263
20220304	8.128620658	8.200839596	8.358910916	8.246318582	8.29599793	8.383279195	8.405873951	8.640910327	9.062787579	9.742940134	10.55265906	11.38647062	12.29199097	13.15757314	14.09274317	15.11723778
20220303	8.266544709	8.306408097	8.37226919	8.273197929	8.312646127	8.385731494	8.423841153	8.660704889	9.061993654	9.786251303	10.57616246	11.3968604	12.28835646	13.15825696	14.10025842	15.13268614
20220302	8.342180478	8.372807915	8.411950652	8.272206176	8.31259897	8.385700567	8.424026513	8.620917194	9.041817201	9.743101295	10.57762581	11.38753727	12.26314765	13.11338762	14.0326229	15.03871648
20220301	8.368875456	8.394883028	8.421118407	8.347982125	8.420006042	8.482146145	8.537495929	8.77806079	9.213645402	9.94645565	10.73376243	11.5907263	12.52585736	13.37772578	14.29236856	15.29253196
20220228	8.37347589	8.390999987	8.426761875	8.350930529	8.471909454	8.503390914	8.575563792	8.757869085	9.182056934	9.9131999	10.71074004	11.56687013	12.50025182	13.3500966	14.26245647	15.2600343
20220225	8.364426292	8.390432042	8.416883591	8.384034283	8.438143307	8.495086207	8.519348819	8.738360753	9.162429451	9.892559288	10.66462751	11.55658868	12.53425265	13.38966152	14.30427969	15.30438626
20220224	8.364426292	8.390432042	8.416621352	8.330123426	8.412134469	8.473646782	8.481428154	8.659169983	9.122457002	9.851365501	10.62085566	11.48308191	12.42540244	13.2703904	14.17591881	15.16576245
20220223	8.381333111	8.407344011	8.433812222	8.421618824	8.494040546	8.557243258	8.613797025	8.776640376	9.264074377	9.956075592	10.75437469	11.66715635	12.66797887	13.52360851	14.43584406	15.43285796
20220222	8.35997713	8.390610081	8.430112517	8.384732449	8.46083484	8.530629991	8.538359126	8.678096911	9.162273099	9.915949925	10.71398515	11.58334479	12.53250014	13.40773364	14.34998431	15.38213441
20220221	8.362242643	8.375498091	8.43513228	8.517129565	8.648085783	8.746110314	8.803752896	9.032209369	9.57988088	10.28905485	11.11977575	12.01743727	12.99890991	13.87780746	14.82034751	15.85164193
20220218	8.382222944	8.408234208	8.43513228	8.518160701	8.666701873	8.761851964	8.80467061	9.032529589	9.517063556	10.25566022	11.07356668	11.96748999	12.94536599	13.82009064	14.75791847	15.78388354
20220217	8.382222944	8.408234208	8.435305925	8.556171302	8.722370581	8.821418456	8.879839554	9.11138225	9.588098086	10.27435147	11.04325463	11.919811	12.88011029	13.72704526	14.63223847	15.62055778
20220216	8.398917983	8.415864979	8.45497744	8.584495312	8.773207523	8.906060979	9.012771775	9.309798358	9.771605839	10.46697662	11.247836	12.09754391	13.02546794	13.8698834	14.77499722	15.76283191
20220215	8.382222944	8.411467405	8.455431044	8.595803793	8.820299119	8.963511726	9.12672458	9.468850748	9.925236317	10.59448414	11.38238649	12.20052506	13.09054331	13.9037434	14.77383717	15.72100028
20220214	8.389341605	8.414056099	8.444693394	8.596068737	8.820311815	8.960575517	9.107721542	9.449023985	9.894052629	10.5955454	11.37234796	12.17540726	13.04832424	13.87418164	14.76187266	15.72949681
20220211	8.371544953	8.400655067	8.445070806	8.596068737	8.816735146	8.933276406	9.088407753	9.439437085	9.863367532	10.52904247	11.26404805	12.09940553	13.01333158	13.83412828	14.71135636	15.66697521
20220210	8.358375431	8.391717487	8.45039179	8.612384312	8.802203569	8.948283094	9.079127031	9.429102409	9.894768377	10.59641635	11.40994459	12.2170397	13.09229417	13.93809672	14.85025314	15.84607563
20220209	8.360309927	8.381893269	8.453538666	8.612309126	8.802198127	8.946807712	9.069568268	9.429002229	9.916213026	10.57410584	11.36013643	12.17673389	13.06497218	13.89866203	14.79446566	15.77142326
20220208	8.379197513	8.408184357	8.452948627	8.612309126	8.802198127	8.946807712	9.069620969	9.418916215	9.915994132	10.61957554	11.38513705	12.20184836	13.09180072	13.92188715	14.81296979	15.78439307
20220204	8.415680649	8.435889078	8.45305494	8.612287643	8.802198127	8.952696505	9.107634314	9.458410526	9.998961852	10.70770662	11.47847148	12.27386017	13.13824611	13.98699889	14.90385805	15.90500156
20220203	8.400019596	8.424430458	8.455957294	8.631757492	8.837255649	8.972669644	9.13585447	9.528050173	10.08172631	10.79488102	11.59563449	12.39975917	13.27265924	14.14318436	15.08599373	16.116852
20220202	8.460631432	8.467656659	8.445855754	8.631979473	8.837266531	8.968258053	9.107501654	9.468428559	9.977836858	10.66218206	11.4297117	12.2222496	13.08333165	13.93927872	14.86556513	15.87779051
20220201	8.444511225	8.455626533	8.446187097	8.631979473	8.837266531	8.969729797	9.117058599	9.468367735	9.97784207	10.63964523	11.38059456	12.16902239	13.02690733	13.86748193	14.77508459	15.76581356
20220131	8.462307877	8.469027564	8.445807913	8.631979473	8.837266531	8.974148665	9.145576785	9.498160653	10.01909487	10.68324272	11.42668168	12.24533411	13.1390658	13.99025188	14.9070955	15.90820664
20220128	8.408917922	8.42904168	8.446491862	8.612971487	8.812853772	8.965840319	9.0889602	9.399125231	9.832612945	10.4406868	11.14450538	11.94428548	12.81765138	13.64440356	14.53365701	15.50372017
20220127	8.415502683	8.431089134	8.435233277	8.613250753	8.809291613	8.935604999	9.050917778	9.319980973	9.687943217	10.26547733	10.93467864	11.73365494	12.60795936	13.40893031	14.26652231	15.20056187
20220126	8.423827956	8.435700356	8.444477224	8.613016241	8.809278916	8.935597722	9.050806926	9.339813103	9.729505254	10.30937485	10.98090634	11.7827639	12.66042622	13.46532837	14.32734314	15.26634963
20220125	8.398239931	8.418227563	8.436129854	8.613236432	8.80809818	8.921598878	9.012891713	9.270225334	9.647479125	10.20067688	10.88962129	11.6736012	12.528623	13.31158996	14.14902899	15.06003976
20220124	8.442375627	8.458083478	8.461762004	8.631589216	8.83724658	8.956465914	9.032011055	9.289311478	9.730097657	10.31076015	11.03050788	11.85110578	12.74782344	13.5486848	14.40354391	15.33405979
20220121	8.417816247	8.442451612	8.4732279	8.631315321	8.837233883	8.959400305	9.050894154	9.328850511	9.812573734	10.46566333	11.19630365	12.01354902	12.90605519	13.76242754	14.68635626	15.69632565
20220120	8.408917922	8.433441036	8.464593483	8.631535511	8.834861529	8.949061717	9.088525875	9.408728232	9.894719735	10.59711071	11.36136266	12.20385665	13.1245507	13.99870996	14.94140996	15.97254939
20220119	8.387887619	8.407126802	8.462628458	8.614127935	8.835246039	8.94912539	9.088680342	9.388586618	9.89510193	10.57545857	11.30096889	12.1038821	12.97995863	13.86329603	14.82239256	15.87299092
20220118	8.408917922	8.438280147	8.481789669	8.613116491	8.825763877	8.938201016	9.069682756	9.359001216	9.833052471	10.48708574	11.19468448	11.99719936	12.87377406	13.73813438	14.67373487	15.69732704
20220117	8.426714573	8.451682958	8.481410485	8.613116491	8.825763877	8.93525753	9.050734236	9.329047295	9.813035844	10.42102858	11.13543396	11.96874329	12.88122835	13.71493856	14.60865567	15.58370255
20220114	8.400019596	8.429269571	8.473153481	8.613338471	8.825774759	8.935262987	9.050686987	9.339280001	9.792013347	10.39831859	11.1238474	11.92332925	12.79481804	13.64183275	14.55652307	15.55608162
20220113	8.405892491	8.435216088	8.478853649	8.613191678	8.826960936	8.946320164	9.069820867	9.349188909	9.791579035	10.3977271	11.12319871	11.96319175	12.8828497	13.750793	14.68636435	15.7098902
20220112	8.407814529	8.427195411	8.481970402	8.613632059	8.834029029	8.939518126	9.079237884	9.348840067	9.832823153	10.50944941	11.26778264	12.10426542	13.01795956	13.89508343	14.84243374	15.87927571
20220111	8.408917922	8.438280147	8.481789669	8.612600922	8.816307106	8.927293015	9.050910509	9.288996625	9.792079363	10.46714807	11.1983598	12.0425984	12.96725997	13.84141085	14.78402683	15.81550198
20220110	8.382222944	8.415647771	8.473984497	8.630284185	8.815935292	8.921351465	9.012664556	9.289826691	9.708970926	10.38922671	11.15324315	11.96930995	12.85813762	13.73282345	14.68004961	15.71717637
20220107	8.404468759	8.433554981	8.477923407	8.630174985	8.815929852	8.925763057	9.0411573	9.319630342	9.739567422	10.42161665	11.15103289	11.96527504	12.8543031	13.71777474	14.65101442	15.67192107
20220106	8.382400911	8.415827591	8.474158142	8.630280605	8.815935292	8.924294951	9.031711208	9.299782112	9.7089744	10.33296608	11.05560167	11.85067246	12.71705876	13.56910956	14.49074816	15.49855732
20220105	8.385574054	8.398901379	8.478513446	8.630174985	8.815929852	8.924291313	9.03170939	9.299624687	9.729699826	10.37762483	11.10341975	11.90131639	12.7709863	13.63828997	14.578475	15.60765708
20220104	8.355527966	8.397854507	8.483379054	8.628434943	8.798233321	8.924596941	9.031702121	9.319505117	9.771824733	10.3545788	11.07683721	11.87344865	12.74160362	13.58456042	14.49465058	15.48902566
20220103	8.382222944	8.415647771	8.473984497	8.628458215	8.79824239	8.924602399	9.031549472	9.35004581	9.729262038	10.37622239	11.07793133	11.85976894	12.71198814	13.57400368	14.50952897	15.53345478
20211231	8.426714573	8.451682958	8.481410485	8.610341732	8.779702477	8.910205146	9.041128225	9.340398085	9.687658308	10.32067498	11.03115826	11.81750149	12.67434951	13.50611763	14.40360701	15.38356496
20211230	8.426714573	8.451682958	8.481410485	8.610341732	8.781503508	8.924968061	9.031851136	9.321065067	9.573321014	10.19880124	10.93907886	11.72160352	12.57171421	13.40651581	14.30866426	15.29427434
20211229	8.487878106	8.496205288	8.48847678	8.610318461	8.783293656	8.944140746	9.05096321	9.350215758	9.687352551	10.30838045	11.1270959	11.97206656	12.89131876	13.77048022	14.72005915	15.75982453
20211228	8.480104529	8.491889612	8.480274704	8.610341732	8.78240493	8.936028875	9.051304854	9.270404228	9.594258385	10.22215759	10.98763031	11.79427866	12.67136911	13.53164166	14.46249119	15.48109492
20211227	8.480104529	8.491889612	8.480274704	8.610341732	8.78240493	8.936028875	9.051094053	9.310286737	9.64573666	10.30974003	11.13004293	11.94785041	12.83481573	13.69619565	14.62708216	15.64531278
20211224	8.475655365	8.487383432	8.475956609	8.610352474	8.782410371	8.928673797	9.003447437	9.290744415	9.605144011	10.24440295	11.0116469	11.76608259	12.58125707	13.41962705	14.32980885	15.3246953
20211223	8.425052366	8.439891405	8.479573035	8.592246732	8.764721096	8.900274063	8.975430814	9.151257602	9.482813616	10.02749907	10.73099832	11.47976532	12.29182212	13.09867594	13.97056597	14.92187245
20211222	8.447892589	8.469294623	8.482923679	8.592237781	8.762332418	8.878154252	8.93733751	9.102278361	9.359100369	9.941300211	10.61775959	11.34520316	12.13383465	12.94956138	13.83512508	14.80256753
20211221	8.480104529	8.492259933	8.479573035	8.592246732	8.757569573	8.839550552	8.89908974	9.052807162	9.319273848	9.83312173	10.5013943	11.23536215	12.03182887	12.81945676	13.66956983	14.59633322
20211220	8.492206251	8.504364836	8.491565183	8.592216299	8.761131731	8.867087979	8.918212716	9.092854253	9.297718015	9.831760433	10.47719988	11.20865272	12.00371179	12.78945867	13.63743794	14.56180063
20211217	8.475655365	8.492437973	8.492798417	8.59221451	8.761129917	8.86708616	8.918632502	9.012747549	9.277829945	9.790239181	10.40867807	11.14795234	11.95384827	12.74766158	13.60457638	14.53934095
20211216	8.470086793	8.479615571	8.488389957	8.59222525	8.762326977	8.878148795	8.937702778	9.032189691	9.339274839	9.876931812	10.59595497	11.33765666	12.14005611	12.91371183	13.74575766	14.65148988
20211215	8.453409551	8.47018482	8.47075257	8.592268215	8.759381485	8.858990663	8.918350827	9.051989619	9.401640478	9.942928967	10.64146962	11.384649	12.19027209	12.9677312	13.8040691	14.7146271
20211214	8.462307877	8.474087446	8.462552267	8.592291486	8.759394181	8.858997939	8.918040076	9.111439495	9.50448237	10.11820701	10.82850601	11.56922176	12.37167162	13.15592223	14.00065766	14.92047082
20211213	8.502350343	8.514197956	8.502315235	8.628379448	8.798204301	8.918691775	8.993859599	9.249877992	9.689037686	10.33521719	11.03428483	11.78632882	12.60335925	13.38861953	14.23266086	15.15110331
20211210	8.431875602	8.457900097	8.484731006	8.601530534	8.783435126	8.919106556	8.993883223	9.280012596	9.709542482	10.37913872	11.05718527	11.79598028	12.59887062	13.37201271	14.20252064	15.10538508
20211209	8.296613931	8.314216907	8.462428235	8.610397228	8.780631106	8.912453694	9.00339292	9.270246801	9.668411284	10.24561509	10.88952136	11.61107087	12.39538859	13.18091549	14.02905216	14.95273381
20211208	8.373324618	8.411476306	8.482548038	8.612600922	8.818692157	8.949418283	9.088874788	9.369411027	9.770348068	10.35272202	10.97864356	11.65802321	12.39398036	13.20374172	14.08689764	15.05098709
20211207	8.355527966	8.393453371	8.465277432	8.613044884	8.818713922	8.943544045	9.050881434	9.329499894	9.750275848	10.35464224	10.95677797	11.69998232	12.51289638	13.31439195	14.17915464	15.12170945
20211206	8.34662964	8.38884393	8.474742865	8.630799753	8.826583682	8.95215256	9.107577979	9.42911851	9.853117741	10.439965	11.04603568	11.82177141	12.67303801	13.51085708	14.41644359	15.40577712
20211203	8.400019596	8.435290865	8.48847678	8.611559046	8.826944613	8.952201679	9.107508924	9.449240446	9.863164273	10.48387967	11.14195468	11.93929226	12.81291357	13.66201492	14.57904289	15.58126419
20211202	8.416711075	8.436820224	8.48847678	8.611559046	8.826944613	8.952201679	9.107403522	9.469192434	9.894313217	10.52803779	11.18886156	11.98908786	12.86607388	13.71926285	14.64092023	15.64836676
20211201	8.371011054	8.409133307	8.480303054	8.613173776	8.829342359	8.966975508	9.098128252	9.449281592	9.852534024	10.50641135	11.16681981	11.96552836	12.84076506	13.68071712	14.58614394	15.57485562
20211130	8.311036337	8.362038308	8.475499462	8.632346456	8.853764187	8.970872262	9.12612852	9.538626355	10.01892984	10.68249006	11.36466367	12.19013195	13.09607131	13.95105654	14.87145436	15.8768068
20211129	8.342180478	8.388957875	8.488074561	8.632013485	8.856132914	8.994463816	9.1737188	9.608505719	10.08091502	10.67936971	11.34717796	12.18513371	13.1067142	13.94701066	14.84748003	15.82970785
20211126	8.302138011	8.362047209	8.502614685	8.651205859	8.89356823	9.033616919	9.221185507	9.688410275	10.13157505	10.74329405	11.43997211	12.27166188	13.18399805	14.04060635	14.96216302	15.96860813
20211125	8.292166547	8.31071309	8.476693716	8.650323307	8.865225125	9.006796262	9.201978936	9.688789528	10.1319833	10.75525084	11.40378971	12.23067608	13.14055764	13.98842025	14.89944275	15.89379823
20211124	8.331502487	8.377924769	8.478164383	8.649227724	8.84630433	8.989390032	9.192774539	9.608593377	10.05936266	10.69062697	11.33580819	12.15810262	13.06265082	13.90433278	14.80839433	15.79491166
20211123	8.382222944	8.422115945	8.48847678	8.611807879	8.838786434	8.985238587	9.164432626	9.568408539	10.06007146	10.72594353	11.42297926	12.22558952	13.10341083	13.95703173	14.87864115	15.88538209
20211122	8.400019596	8.439918111	8.506114166	8.611516082	8.829307899	8.975787775	9.154932016	9.54840646	10.05005619	10.70422623	11.39958427	12.20071672	13.0768233	13.94533859	14.88574383	15.91436284
20211119	8.373324618	8.422470243	8.515019682	8.630830186	8.896316026	9.048434409	9.212035626	9.647508073	10.18426592	10.8802655	11.58697463	12.35896003	13.20003616	14.10960604	15.10466938	16.1965322
20211118	8.369562406	8.39985389	8.512374251	8.630837347	8.896319653	9.048436228	9.212037444	9.647508073	10.18426592	10.88026721	11.58697463	12.35896003	13.20003616	14.10960604	15.10466938	16.1965322
20211117	8.34662964	8.393353669	8.492617685	8.64217984	8.886696021	9.043406104	9.231129528	9.647454405	10.18400534	10.88005119	11.58670195	12.38606946	13.25969827	14.19898815	15.22774291	16.35874084
20211116	8.448960388	8.473770535	8.50390462	8.651610436	8.905408237	9.062244054	9.250185265	9.667549507	10.16224798	10.85630908	11.58651733	12.40090248	13.29078919	14.22200324	15.23886934	16.35589421
20211112	8.41105352	8.440113954	8.484539642	8.642348116	8.886705089	9.047834068	9.259727673	9.66766221	10.16222192	10.85641709	11.56199095	12.35993168	13.2319025	14.14607591	15.14360623	16.23824809
20211111	8.459638379	8.479414386	8.497745532	8.695444447	8.91161481	9.109363491	9.24168778	9.536733662	10.0378711	10.63490298	11.37395189	12.14914448	12.99124743	13.86240871	14.80982294	15.84682466
20211110	8.437705785	8.45678735	8.51302099	8.695079254	8.911596672	9.109348937	9.241678694	9.536728295	10.03786763	10.63490126	11.3739485	12.14914281	12.99124743	13.86240545	14.80982132	15.84682145
20211109	8.435612899	8.464873903	8.508598355	8.651499446	8.906594414	9.070363203	9.250794045	9.566980969	10.0795339	10.70139391	11.45722747	12.25852883	13.13068692	14.01412336	14.97343183	16.02386606
20211108	8.453409551	8.474812066	8.48847678	8.611312003	8.819872893	8.959001898	9.098402658	9.388366578	9.915681426	10.63129229	11.40999879	12.26292374	13.19518685	14.10374155	15.08802584	16.16732481
20211105	8.485977424	8.502237265	8.504076493	8.628957672	8.812400339	8.970146397	9.117387523	9.428222254	9.956664958	10.70833926	11.52976501	12.39908252	13.34828404	14.27508807	15.28009879	16.38310687
20211104	8.457858713	8.483890298	8.510611221	8.628853842	8.82303966	8.989168087	9.136403282	9.467709407	10.03959098	10.84190746	11.72248206	12.6206295	13.60070006	14.57198536	15.62896755	16.79194286
20211103	8.429165172	8.440518104	8.485016279	8.611997636	8.811614996	8.951799633	9.050686987	9.388375523	9.957731631	10.77804997	11.67989411	12.5759871	13.55210706	14.51889728	15.57076128	16.72789908
20211101	8.471206203	8.492614232	8.506114166	8.608846944	8.757442612	8.848555657	8.954919454	9.309939684	9.834615998	10.65858679	11.52832877	12.41969542	13.39212609	14.36356169	15.42201137	16.58733358
20211029	8.555740298	8.559024732	8.518827472	8.627006391	8.779559193	8.901280088	8.983810177	9.329537463	9.833610129	10.66874679	11.51491809	12.42493364	13.4213137	14.39105248	15.4447852	16.60449539
20211028	8.462307877	8.488341285	8.514932859	8.610252224	8.77843831	8.880699332	8.955311981	9.279474127	9.834972135	10.62594997	11.41852485	12.29226311	13.24864225	14.1794784	15.18900667	16.29757264
20211027	8.487315731	8.496643265	8.523707255	8.599672342	8.757468003	8.839745208	8.898302868	9.19075728	9.670112055	10.38315917	11.13499698	11.97574981	12.89483032	13.79654478	14.77427725	15.84676197
20211026	8.444511225	8.475166364	8.514801739	8.583111514	8.754223247	8.878312524	8.936547004	9.260429128	9.720881531	10.44746928	11.20366445	12.03539688	12.94361512	13.85968161	14.85638991	15.95085159
20211025	8.35997713	8.409119064	8.501530289	8.574099817	8.73901515	8.823936246	8.898153853	9.221437509	9.628569128	10.29287813	11.06277107	11.87351031	12.7553974	13.63299045	14.58476385	15.6274389
20211022	8.400019596	8.435290865	8.488303134	8.572819848	8.728384898	8.807177657	8.898250167	9.18195751	9.545710855	10.20516196	10.97002267	11.8018135	12.70886347	13.59589375	14.55690328	15.61041854
20211021	8.426714573	8.461993224	8.514757442	8.571641919	8.720377295	8.808007218	8.898126594	9.211834507	9.586930652	10.2710391	11.04045495	11.86315553	12.75930241	13.66052682	14.64029247	15.71549828
20211020	8.407814529	8.430471337	8.49694641	8.535102835	8.683348255	8.771899478	8.869672011	9.172127314	9.587828812	10.29517896	11.06638034	11.903913	12.81768581	13.73561405	14.73430978	15.83140523
20211019	8.417816247	8.453091251	8.505238852	8.429610127	8.596521538	8.645862581	8.726910258	9.044417059	9.446254868	10.14583413	10.907964	11.73502825	12.63663547	13.5397676	14.52157115	15.59944346
20211018	8.537943646	8.543419574	8.496584945	8.424060611	8.564781322	8.594608074	8.651083467	8.915696056	9.324384846	9.995536041	10.77204332	11.61826905	12.54128725	13.42733132	14.38575327	15.43666259
20211015	8.480104529	8.496887179	8.49720865	8.589543581	8.722107591	8.830070633	8.935909147	9.310912864	9.751933188	10.49064672	11.29855199	12.20701159	13.20345263	14.15663263	15.19005347	16.32663056
20211014	8.49790118	8.514689345	8.514846036	8.592656681	8.778821006	8.892533311	9.030849829	9.44946943	9.957893196	10.75411413	11.62891898	12.59000847	13.64578804	14.66101417	15.76518991	16.98335407
20211013	8.505669418	8.518180699	8.523794077	8.619774119	8.80898872	8.945803507	9.116353505	9.578625145	10.12297738	10.95203359	11.81527281	12.80240398	13.89080223	14.96431159	16.13802817	17.43729428
20211012	8.52904532	8.536586418	8.510480101	8.602210798	8.80938774	8.93409869	9.040706622	9.438505049	10.02032832	10.86743776	11.70083833	12.6641819	13.72584246	14.78367667	15.94080699	17.22103644
20211011	8.49790118	8.514689345	8.514846036	8.592903723	8.784557824	8.866360294	8.973913406	9.339893605	9.833820336	10.66842276	11.56390144	12.52118994	13.57094687	14.61465836	15.75556006	17.01714728
20211008	8.47850283	8.495284824	8.495534214	8.574114138	8.738120982	8.813921479	8.888847689	9.161205868	9.628511799	10.40596003	11.33240387	12.26227708	13.27634458	14.28163311	15.37849904	16.58918044
20211007	8.602947696	8.60151207	8.49372866	8.553591672	8.696820616	8.74510065	8.803274958	9.042874997	9.464541191	10.25488185	11.17236159	12.09105737	13.09205809	14.07001507	15.1342676	16.30722004
20211006	8.516765631	8.528930722	8.515639843	8.532057762	8.632208421	8.69133563	8.765367013	8.973353419	9.466071711	10.25769703	11.19932351	12.13442146	13.15343993	14.13714567	15.20660317	16.38548094
20211005	8.453409551	8.484066557	8.523356421	8.522618215	8.621745032	8.667089159	8.708601413	8.874838577	9.302187967	10.03934441	10.94147205	11.84461592	12.82740244	13.78331631	14.82232623	15.96643658
20211004	8.442019694	8.468046567	8.494389574	8.514614381	8.62078013	8.6576529	8.699131695	8.85493489	9.303013161	9.973484411	10.8934846	11.76796921	12.71505379	13.63728217	14.63805812	15.73783741
20211001	8.478146897	8.499555991	8.512599281	8.521857395	8.601668893	8.640101133	8.689651075	8.825710854	9.220714284	9.886306583	10.77692454	11.62932382	12.55186619	13.46020304	14.44646894	15.52973534
20210930	8.443398935	8.456555899	8.514495203	8.511019728	8.562867841	8.59563411	8.660849397	8.826660778	9.159257228	9.843000558	10.68374086	11.52778263	12.44365206	13.34363134	14.32033917	15.39273336
20210929	8.426714573	8.461993224	8.514452677	8.501259741	8.544161065	8.575484507	8.632534743	8.767570478	9.077580287	9.779100211	10.61679418	11.44311276	12.33805604	13.2285689	14.19581436	15.25744483
20210928	8.444511225	8.470539119	8.496770993	8.492973061	8.544373272	8.569404697	8.594895753	8.757464787	9.119762522	9.77992659	10.60398139	11.41574834	12.2942189	13.18046124	14.14416066	15.2017706
20210927	8.466757039	8.483536	8.483370195	8.457355914	8.52148767	8.518886971	8.575678279	8.658824719	9.018312169	9.629393618	10.45502095	11.24509361	12.09731244	12.94536409	13.86454856	14.87094476
20210924	8.484553691	8.501338166	8.501005809	8.456915533	8.523849142	8.53516347	8.575845466	8.658881965	8.997355689	9.651512113	10.43221535	11.24470695	12.12658037	12.97895871	13.90041136	14.90936877
20210923	8.514565964	8.52197472	8.496639874	8.465755374	8.528426987	8.57307405	8.614158659	8.678170258	9.037534872	9.716261127	10.50140955	11.31810873	12.20489377	13.04142476	13.94256464	14.92784701
20210922	8.506799506	8.514335047	8.487952301	8.494222597	8.56566098	8.613349607	8.671256818	8.730178166	9.118706273	9.780063748	10.54427357	11.36267946	12.2529556	13.09346596	13.9991077	14.9894926
20210921	8.524028445	8.531473126	8.505632212	8.507147598	8.654074708	8.723914097	8.766006688	8.914116427	9.321728586	10.02643952	10.86656503	11.70166895	12.60742165	13.46899977	14.39862059	15.4159469
20210920	8.563392858	8.563032401	8.506796343	8.551232233	8.661380398	8.723692152	8.765790435	8.923892954	9.342304608	10.04869518	10.80565468	11.61276417	12.49084174	13.33702932	14.2505858	15.24958644
20210917	8.447846317	8.459789095	8.501356643	8.532417585	8.633416362	8.693844324	8.728204144	8.854865121	9.261018549	9.929672615	10.67868857	11.47798369	12.34696937	13.19313289	14.10784645	15.10852265
20210915	8.501282544	8.518072094	8.517759023	8.492446753	8.549110725	8.610780878	8.651694065	8.816374404	9.200603845	9.910139556	10.65929576	11.47028218	12.35318756	13.21150134	14.13987318	15.15635295
20210914	8.56018946	8.564957008	8.520206002	8.501039551	8.548913028	8.610746313	8.651561406	8.836215478	9.221737525	9.842786248	10.68114612	11.51197963	12.41214474	13.30885146	14.28316099	15.352837
20210913	8.546841972	8.546930512	8.489378671	8.495142743	8.586935993	8.648491344	8.689549309	8.895355869	9.282252991	9.950846431	10.78514404	11.64191854	12.57355033	13.4845825	14.47322609	15.55921277
20210910	8.502350343	8.50988406	8.483632434	8.51179308	8.567666962	8.62959154	8.670588068	8.85599394	9.220728182	9.908358212	10.70476299	11.56113692	12.49475495	13.40009777	14.38156448	15.45937785
20210909	8.38219447	8.40738674	8.489098713	8.510625892	8.548764303	8.610742674	8.651456004	8.856076231	9.241470981	9.974904	10.80058037	11.67740113	12.63370754	13.56199142	14.5695279	15.67737324
20210908	8.311036337	8.369419824	8.488040894	8.509623398	8.534555569	8.610880934	8.651552319	8.856047607	9.251851066	9.985741222	10.86036102	11.73669487	12.68920726	13.62680197	14.64627878	15.76792725
20210907	8.355527966	8.409295324	8.514495203	8.508959247	8.52626684	8.560063038	8.585380605	8.757114155	9.181407202	9.91239581	10.75817534	11.60637263	12.52713772	13.44454054	14.44235618	15.5391336
20210906	8.35997713	8.409119064	8.501181226	8.490286022	8.499512558	8.544721615	8.585089844	8.73747523	9.160885034	9.91311932	10.75964377	11.60778261	12.52848693	13.44589351	14.44371524	15.54049985
20210903	8.370833087	8.415350446	8.494476397	8.525892429	8.510588987	8.571362171	8.604552647	8.766774402	9.211962004	9.955832136	10.85291384	11.69604074	12.60750689	13.51885278	14.5099286	15.59867192
20210902	8.3944706	8.410016383	8.501181226	8.489256676	8.47823936	8.503476418	8.528349684	8.639121393	9.028655773	9.762452619	10.59970819	11.39782372	12.25942132	13.14141406	14.10161261	15.15523744
20210901	8.408917922	8.444191058	8.496859588	8.507854714	8.502710159	8.56863517	8.585540523	8.767067787	9.191764703	9.91198605	10.78156865	11.60575431	12.4963927	13.39814565	14.37960356	15.45741204
20210831	8.248748057	8.325625676	8.496770993	8.49091258	8.511345311	8.573114073	8.613453563	8.816544353	9.242251006	10.02096691	10.87481501	11.73033335	12.65964752	13.56519881	14.54709221	15.62501339