DATE 	1	7	30	90	180	270	360	720	1080	1440	1800	2160	2520	2880	3240	3600
20220831	8.3150897	8.420344	8.528262286	8.595140869	8.680472635	8.692313743	8.683855508	8.539362405	8.373269014	8.31740319	8.305142116	8.33400495	8.365283371	8.398806865	8.431894607	8.464136104
20220830	8.333485916	8.43897308	8.547130124	8.614156667	8.699677221	8.702312564	8.684488274	8.5140789	8.360224351	8.25875267	8.251314284	8.266928116	8.298754439	8.34367547	8.399087568	8.440739974
20220829	8.351882132	8.457602159	8.56599796	8.633172466	8.718881805	8.730209656	8.721139114	8.514979219	8.331172128	8.224090883	8.222710347	8.222444808	8.230825628	8.25713189	8.308622727	8.358181662
20220826	8.278297268	8.383085841	8.490526613	8.557109271	8.642063464	8.690212459	8.718609959	8.514406288	8.284373517	8.245742942	8.206087927	8.158076578	8.180678663	8.218630288	8.261257022	8.29413396
20220825	8.278297268	8.383085841	8.490526613	8.557109271	8.642063464	8.699159679	8.736617091	8.496434466	8.23537296	8.231561517	8.230308788	8.224885007	8.221263831	8.234607024	8.270423764	8.290329623
20220824	8.278297268	8.383085841	8.490526613	8.557109271	8.642063464	8.699159679	8.736617091	8.416056891	8.21947042	8.152049036	8.170391225	8.117778106	8.087351831	8.097150572	8.157866382	8.182049704
20220823	8.278297268	8.383085841	8.490526613	8.557109271	8.642063464	8.699159679	8.736617091	8.46516884	8.199050366	8.159531437	8.22066103	8.154415462	8.120030188	8.128754362	8.184250712	8.197545116
20220822	8.296693484	8.40171492	8.509394449	8.57612507	8.661268049	8.709158499	8.737249856	8.435540159	8.166255355	8.141480208	8.236997345	8.172822517	8.13772	8.145339448	8.186681097	8.167682079
20220819	8.259901052	8.364456761	8.471658775	8.538093474	8.622858878	8.680213639	8.717979099	8.365853647	8.121963412	8.141219644	8.226996945	8.142034438	8.113266532	8.115222198	8.124548677	8.119505717
20220818	8.278297268	8.383085841	8.490526613	8.557109271	8.642063464	8.681265238	8.700602827	8.433419408	8.140283099	8.139039309	8.212545271	8.165192598	8.164010908	8.176002773	8.181100038	8.205121168
20220817	8.278297268	8.383085841	8.490526613	8.557109271	8.642063464	8.690212459	8.718609959	8.418432279	8.149423143	8.14847342	8.267615667	8.220402308	8.196577857	8.204663817	8.242080311	8.25589641
20220816	8.296693484	8.40171492	8.509394449	8.57612507	8.661268049	8.691264059	8.701235593	8.417477395	8.157569816	8.156786264	8.255817125	8.227281018	8.221460814	8.241399452	8.289044104	8.300066489
20220815	8.296693484	8.40171492	8.509394449	8.57612507	8.661268049	8.691264059	8.701235593	8.447107895	8.191012154	8.215929335	8.284048459	8.244274034	8.253885676	8.276367523	8.290210436	8.316080745
20220812	8.3150897	8.420344	8.528262286	8.595140869	8.680472635	8.70126288	8.701866452	8.454246788	8.218664704	8.194953062	8.322696044	8.267780794	8.261204763	8.271176601	8.273807705	8.278713113
20220811	8.3150897	8.420344	8.528262286	8.595140869	8.680472635	8.70126288	8.701866452	8.482269445	8.226783833	8.195230436	8.302755128	8.291238456	8.285705055	8.275248226	8.254183373	8.288089584
20220810	8.3150897	8.420344	8.528262286	8.595140869	8.680472635	8.70126288	8.701866452	8.39487484	8.173128036	8.163187743	8.252385518	8.255326123	8.253989013	8.243984535	8.222652995	8.257381484
20220809	8.296693484	8.40171492	8.509394449	8.57612507	8.661268049	8.682316838	8.683224648	8.427631902	8.162486744	8.11710315	8.218440383	8.221660868	8.220963511	8.215617286	8.20602803	8.23687317
20220808	8.3150897	8.420344	8.528262286	8.595140869	8.680472635	8.692313743	8.683855508	8.408865252	8.249435098	8.189854406	8.247742951	8.248815652	8.269088968	8.287463099	8.299690828	8.336384006
20220805	8.296693484	8.40171492	8.509394449	8.57612507	8.661268049	8.673365786	8.665213704	8.392453982	8.241532892	8.16045602	8.266788954	8.283287761	8.294527356	8.303832627	8.314835812	8.34630573
20220804	8.296693484	8.40171492	8.509394449	8.57612507	8.661268049	8.682316838	8.683224648	8.414288993	8.261185108	8.14858269	8.295898567	8.339283047	8.360441116	8.375991397	8.407299178	8.437541473
20220803	8.296693484	8.40171492	8.509394449	8.57612507	8.661268049	8.682316838	8.683224648	8.450856496	8.291192826	8.167119743	8.301777045	8.407032532	8.443531237	8.464843828	8.516441098	8.569613644
20220802	8.296693484	8.40171492	8.509394449	8.57612507	8.661268049	8.691264059	8.701235593	8.39849976	8.314033469	8.203867725	8.272381327	8.408711703	8.451643104	8.475822844	8.565143357	8.619444403
20220801	8.278297268	8.383085841	8.490526613	8.557109271	8.642063464	8.654417831	8.646569995	8.375164219	8.301006021	8.198096645	8.274377415	8.410950598	8.460024612	8.498769243	8.607446549	8.65162981
20220729	8.3150897	8.420344	8.528262286	8.595140869	8.680472635	8.683364607	8.665844564	8.476370992	8.341357192	8.244875515	8.350887456	8.437218335	8.473784431	8.519178461	8.64866852	8.699891611
20220728	8.3150897	8.420344	8.528262286	8.595140869	8.680472635	8.674415472	8.647829808	8.517467374	8.392592401	8.260042043	8.358399399	8.476322075	8.513852919	8.552404515	8.69325394	8.737762553
20220727	8.3150897	8.420344	8.528262286	8.595140869	8.680472635	8.674415472	8.647829808	8.555459018	8.368544908	8.28975815	8.343224143	8.431990974	8.462666136	8.501900402	8.648386393	8.705580252
20220726	8.351882132	8.457602159	8.56599796	8.633172466	8.718881805	8.72126052	8.703130076	8.590971603	8.357035924	8.289571552	8.344596454	8.403490888	8.460804476	8.536547533	8.688851823	8.722781325
20220725	8.3150897	8.420344	8.528262286	8.595140869	8.680472635	8.692313743	8.683855508	8.566450185	8.331304692	8.24756185	8.311464724	8.358131989	8.395003739	8.454538625	8.612441288	8.659720047
20220722	8.333485916	8.43897308	8.547130124	8.614156667	8.699677221	8.693363428	8.666475423	8.548618412	8.304413094	8.230596588	8.278575852	8.3208138	8.361979852	8.41224163	8.535308889	8.583372327
20220721	8.296693484	8.40171492	8.509394449	8.57612507	8.661268049	8.664416651	8.647198949	8.584614804	8.350485185	8.200426595	8.330399279	8.336407507	8.360612266	8.405956957	8.512232845	8.538220484
20220720	8.278297268	8.383085841	8.490526613	8.557109271	8.642063464	8.627562761	8.592520011	8.519169795	8.297304553	8.182508171	8.338328738	8.342237145	8.353733971	8.392571691	8.514111586	8.548911153
20220719	8.259901052	8.364456761	8.471658775	8.538093474	8.622858878	8.617565856	8.591891057	8.511750802	8.252907591	8.141412967	8.282612939	8.250267333	8.261910353	8.30774458	8.42001693	8.455558092
20220718	8.241504836	8.345827682	8.452790939	8.519077675	8.603654293	8.598615983	8.573243537	8.555591793	8.306503132	8.160898138	8.283032118	8.248203556	8.268334939	8.322731353	8.438137637	8.485536083
20220715	8.223108619	8.327198602	8.433923101	8.500061876	8.584449707	8.579664196	8.554594109	8.567914341	8.344969136	8.159603722	8.298495144	8.231164714	8.233635073	8.285071219	8.398595817	8.472543239
20220714	8.223108619	8.327198602	8.433923101	8.500061876	8.584449707	8.579664196	8.554594109	8.566590236	8.303708954	8.158912805	8.297410603	8.244324769	8.234316444	8.26986889	8.390343227	8.44595482
20220713	8.241504836	8.345827682	8.452790939	8.519077675	8.603654293	8.589661101	8.555223063	8.581864738	8.348970166	8.186322498	8.313527348	8.271754506	8.274344566	8.315156533	8.419419579	8.459488257
20220712	8.259901052	8.364456761	8.471658775	8.538093474	8.622858878	8.608612888	8.573870584	8.533292981	8.35017013	8.186922636	8.305205326	8.29257721	8.284847689	8.296162006	8.387358045	8.427433337
20220711	8.241504836	8.345827682	8.452790939	8.519077675	8.603654293	8.598615983	8.573243537	8.47780059	8.295025137	8.129015145	8.239051652	8.225873525	8.227333199	8.248128011	8.337828321	8.366464523
20220708	8.241504836	8.345827682	8.452790939	8.519077675	8.603654293	8.607568951	8.591262103	8.477900625	8.253486054	8.096879992	8.264017719	8.235660508	8.251035866	8.294488647	8.373021614	8.408873019
20220707	8.278297268	8.383085841	8.490526613	8.557109271	8.642063464	8.627562761	8.592520011	8.475465217	8.260770199	8.096259681	8.296214614	8.281389282	8.292781948	8.328142622	8.415781882	8.440218023
20220706	8.278297268	8.383085841	8.490526613	8.557109271	8.642063464	8.627562761	8.592520011	8.474401203	8.273809697	8.111017711	8.346251543	8.319776183	8.332895645	8.373550018	8.447502971	8.472189058
20220705	8.278297268	8.383085841	8.490526613	8.557109271	8.642063464	8.636515728	8.610538578	8.495656008	8.334462131	8.20649018	8.443545848	8.397248823	8.428153566	8.480802999	8.529302277	8.564808901
20220704	8.278297268	8.383085841	8.490526613	8.557109271	8.642063464	8.645466779	8.62855524	8.526265037	8.400797609	8.318188244	8.50434668	8.489061518	8.533102456	8.588466336	8.608709026	8.634596508
20220701	8.3150897	8.420344	8.528262286	8.595140869	8.680472635	8.665462504	8.629815053	8.529304295	8.327222747	8.22192904	8.455409263	8.426863446	8.444109273	8.495417737	8.541561377	8.558483356
20220630	8.3150897	8.420344	8.528262286	8.595140869	8.680472635	8.665462504	8.629815053	8.493837181	8.307658335	8.192328927	8.438530678	8.389276851	8.41736304	8.482717461	8.557248548	8.586611218
20220629	8.3150897	8.420344	8.528262286	8.595140869	8.680472635	8.665462504	8.629815053	8.485757955	8.312353175	8.222147578	8.449374424	8.421845572	8.442927368	8.502454462	8.598314481	8.603936564
20220628	8.3150897	8.420344	8.528262286	8.595140869	8.680472635	8.647558487	8.593777918	8.459021207	8.265224012	8.190773945	8.383939342	8.333788917	8.359806569	8.421295007	8.517470307	8.513361028
20220627	8.296693484	8.40171492	8.509394449	8.57612507	8.661268049	8.637561582	8.593148965	8.404532807	8.2274105	8.111952381	8.307071667	8.235783254	8.239119948	8.270977011	8.346378798	8.359343624
20220624	8.3150897	8.420344	8.528262286	8.595140869	8.680472635	8.647558487	8.593777918	8.347334357	8.229273285	8.096491667	8.279713622	8.197440541	8.160394152	8.155572797	8.235859346	8.264535005
20220623	8.296693484	8.40171492	8.509394449	8.57612507	8.661268049	8.646512633	8.611167531	8.374940503	8.237841754	8.097552417	8.262835037	8.179188965	8.135088164	8.120560018	8.202144458	8.234985759
20220622	8.296693484	8.40171492	8.509394449	8.57612507	8.661268049	8.646512633	8.611167531	8.525151914	8.353277642	8.195196816	8.33816905	8.286055283	8.286015063	8.298443712	8.379408072	8.431414765
20220621	8.3150897	8.420344	8.528262286	8.595140869	8.680472635	8.656511453	8.611796486	8.516452469	8.31334138	8.173521221	8.219583143	8.210836268	8.213413533	8.217659485	8.298431504	8.340435338
20220620	8.3150897	8.420344	8.528262286	8.595140869	8.680472635	8.656511453	8.611796486	8.500885133	8.284111831	8.157445241	8.1694514	8.170591805	8.187514977	8.198358387	8.25244018	8.29447882
20220617	8.333485916	8.43897308	8.547130124	8.614156667	8.699677221	8.666508358	8.612427345	8.431118592	8.198945347	8.120653551	8.087159357	8.086803453	8.10539686	8.115888028	8.159790831	8.214842501
20220616	8.3150897	8.420344	8.528262286	8.595140869	8.680472635	8.656511453	8.611796486	8.371595681	8.123461215	8.035422102	8.037060882	8.026500585	8.040069207	8.052278074	8.113704938	8.197282587
20220615	8.3150897	8.420344	8.528262286	8.595140869	8.680472635	8.647558487	8.593777918	8.365870016	8.03244469	7.934486186	7.920369594	7.909606701	7.925274346	7.93935356	8.001623546	8.078518605
20220614	8.333485916	8.43897308	8.547130124	8.614156667	8.699677221	8.666508358	8.612427345	8.35621023	7.936125596	7.956534976	7.966332841	7.995424461	7.96331971	7.952724456	7.997665896	8.046128146
20220613	8.351882132	8.457602159	8.56599796	8.633172466	8.718881805	8.676507179	8.613056299	8.362617955	8.001276604	7.98881638	8.053871268	8.068352209	8.038314112	8.017080076	8.05854372	8.094629173
20220610	8.3150897	8.420344	8.528262286	8.595140869	8.680472635	8.647558487	8.593777918	8.35642667	8.041011437	7.986899972	8.079168352	8.068763001	8.044120297	8.032576201	8.074016537	8.108931555
20220609	8.3150897	8.420344	8.528262286	8.595140869	8.680472635	8.656511453	8.611796486	8.358649275	8.08401217	7.972792512	8.125567412	8.12360447	8.137792658	8.163506877	8.20244865	8.24491525
20220608	8.3150897	8.420344	8.528262286	8.595140869	8.680472635	8.656511453	8.611796486	8.306781804	8.006797818	7.875127941	8.051998273	8.025512067	8.039457265	8.065633003	8.091439022	8.122314309
20220607	8.3150897	8.420344	8.528262286	8.595140869	8.680472635	8.647558487	8.593777918	8.302980458	7.968517748	7.841454618	7.969341943	7.946294791	7.949201446	7.96830361	8.010763493	8.044748705
20220606	8.296693484	8.40171492	8.509394449	8.57612507	8.661268049	8.655465599	8.629184193	8.278599091	7.931117422	7.868091021	7.935047493	7.895319016	7.898365037	7.918692061	7.962743697	7.999531616
20220603	8.278297268	8.383085841	8.490526613	8.557109271	8.642063464	8.636515728	8.610538578	8.265363491	7.888791561	7.818153438	7.882643537	7.808892434	7.791900015	7.804763212	7.862885152	7.861691579
20220602	8.278297268	8.383085841	8.490526613	8.557109271	8.642063464	8.618609793	8.574499537	8.261807686	7.825992277	7.786462086	7.809836237	7.760299576	7.726220375	7.737391396	7.782392454	7.767866277
20220601	8.278297268	8.383085841	8.490526613	8.557109271	8.642063464	8.609654911	8.556479064	8.294321026	7.878138219	7.865028129	7.920846992	7.886905157	7.864514462	7.881288999	7.896024754	7.907550231
20220531	8.296693484	8.40171492	8.509394449	8.57612507	8.661268049	8.637561582	8.593148965	8.392099311	8.040484624	8.015647788	8.11370067	7.995470287	7.959300914	7.972174048	7.945418931	7.98061867
20220530	8.296693484	8.40171492	8.509394449	8.57612507	8.661268049	8.637561582	8.593148965	8.370091512	8.053043792	8.048268766	8.021606173	7.997457142	7.947830631	7.891218973	7.866067348	7.944813783
20220527	8.296693484	8.40171492	8.509394449	8.57612507	8.661268049	8.619651816	8.557106112	8.337147111	7.936674789	7.943066319	7.903387878	7.91001913	7.909607657	7.891651683	7.811375814	7.941595087
20220526	8.296693484	8.40171492	8.509394449	8.57612507	8.661268049	8.619651816	8.557106112	8.373047105	8.002591917	7.944217846	7.910495614	7.943717117	7.9584161	7.945946399	7.959072901	8.012252612
20220525	8.278297268	8.383085841	8.490526613	8.557109271	8.642063464	8.618609793	8.574499537	8.411033293	8.065275854	7.991460689	7.917551784	7.941365295	7.98174579	8.011493169	8.053139187	8.106160245
20220524	8.3150897	8.420344	8.528262286	8.595140869	8.680472635	8.647558487	8.593777918	8.482931499	8.126477481	7.951871714	7.975060735	8.033595329	8.100162251	8.156896474	8.166933828	8.229699455
20220523	8.296693484	8.40171492	8.509394449	8.57612507	8.661268049	8.628606698	8.575128491	8.449728824	8.107460542	7.913247668	7.865676791	7.924979464	8.000761207	8.0600924	8.071532564	8.123038205
20220520	8.223108619	8.327198602	8.433923101	8.500061876	8.584449707	8.579664196	8.554594109	8.407104628	8.005368879	7.814766102	7.797623507	7.859645629	7.942762329	8.013043579	8.026085004	8.106638699
20220519	8.223108619	8.327198602	8.433923101	8.500061876	8.584449707	8.579664196	8.554594109	8.354398678	7.953147185	7.783113413	7.795948457	7.849942115	7.907069469	7.949257986	8.034079109	8.093871101
20220518	8.223108619	8.327198602	8.433923101	8.500061876	8.584449707	8.570709314	8.53657173	8.365004255	7.92003712	7.768910133	7.794052174	7.834127464	7.884455058	7.91603832	7.987206732	8.059187788
20220517	8.241504836	8.345827682	8.452790939	8.519077675	8.603654293	8.607568951	8.591262103	8.36840546	7.972057384	7.823100799	7.891589336	7.89907342	7.944284918	7.995712829	8.096175278	8.197444143
20220516	8.259901052	8.364456761	8.471658775	8.538093474	8.622858878	8.626518823	8.609909625	8.404387302	7.995221691	7.901668524	7.935476651	7.938159158	7.975545637	8.026500698	8.140934072	8.226917271
20220513	8.241504836	8.345827682	8.452790939	8.519077675	8.603654293	8.625471053	8.627295427	8.404490975	8.113172855	8.004641884	8.052414124	8.044757071	8.066452149	8.105649889	8.24642411	8.291539741
20220512	8.241504836	8.345827682	8.452790939	8.519077675	8.603654293	8.634422105	8.645308276	8.405240331	8.110685124	7.988575989	8.119011927	8.126869525	8.156695051	8.233920436	8.386678736	8.415767118
20220511	8.241504836	8.345827682	8.452790939	8.519077675	8.603654293	8.634422105	8.645308276	8.440178167	8.096344086	8.052209172	8.180566282	8.227467592	8.296358338	8.412699888	8.575894105	8.644083274
20220510	8.278297268	8.383085841	8.490526613	8.557109271	8.642063464	8.654417831	8.646569995	8.367546974	8.007161078	7.937671796	8.083035773	8.079995118	8.153607892	8.283343573	8.45097675	8.55016632
20220509	8.333485916	8.43897308	8.547130124	8.614156667	8.699677221	8.684412377	8.648460668	8.349093163	7.972277751	7.885691724	7.99035243	7.979077909	8.065623847	8.218315735	8.403103534	8.504591945
20220506	8.296693484	8.40171492	8.509394449	8.57612507	8.661268049	8.664416651	8.647198949	8.348865809	8.040226381	7.985812326	8.075349172	8.079090066	8.209084728	8.411227716	8.57794622	8.730473884
20220505	8.296693484	8.40171492	8.509394449	8.57612507	8.661268049	8.655465599	8.629184193	8.347769056	7.971089838	7.932366369	8.023825157	8.019525314	8.135223793	8.328174556	8.467879114	8.607088463
20220504	8.3150897	8.420344	8.528262286	8.595140869	8.680472635	8.674415472	8.647829808	8.347829077	8.004156863	7.94974013	8.007077981	7.993931865	8.099726303	8.262809811	8.461511569	8.565228326
20220503	8.3150897	8.420344	8.528262286	8.595140869	8.680472635	8.692315659	8.683855508	8.347932751	7.96941643	7.997051896	8.008521818	8.010569734	8.205429221	8.472479321	8.653472548	8.764621267
20220502	8.3150897	8.420344	8.528262286	8.595140869	8.680472635	8.638603603	8.575757445	8.380045949	8.019823543	7.997662121	8.049222047	8.05842775	8.24982167	8.566029289	8.718352153	8.839044293
20220429	8.296693484	8.40171492	8.509394449	8.57612507	8.661268049	8.628606698	8.575128491	8.342972811	8.052436062	8.030705046	8.140667816	8.167742451	8.381962428	8.725890853	8.903105512	9.022831528
20220428	8.296693484	8.40171492	8.509394449	8.57612507	8.661268049	8.637561582	8.593148965	8.323513188	8.084538984	8.046525507	8.172527039	8.224130526	8.46110318	8.835155696	9.01071071	9.1286182
20220427	8.296693484	8.40171492	8.509394449	8.57612507	8.661268049	8.628606698	8.575128491	8.376530158	8.116578206	8.096005841	8.246094515	8.305789636	8.557688323	8.961015203	9.106119854	9.232817272
20220426	8.3150897	8.420344	8.528262286	8.595140869	8.680472635	8.647558487	8.593777918	8.411149698	8.169123563	8.145692946	8.279765188	8.321609197	8.576907182	8.990674195	9.150549239	9.278463105
20220425	8.333485916	8.43897308	8.547130124	8.614156667	8.699677221	8.657555392	8.594406871	8.39383629	8.167405393	8.179046868	8.248721034	8.29523017	8.558150105	8.94337469	9.103054291	9.217961872
20220422	8.351882132	8.457602159	8.56599796	8.633172466	8.718881805	8.667552297	8.595035825	8.393809008	8.132888769	8.128863849	8.20556728	8.253167423	8.497043077	8.862673492	9.037014659	9.225329765
20220421	8.351882132	8.457602159	8.56599796	8.633172466	8.718881805	8.676507179	8.613056299	8.391144427	8.17813793	8.212567214	8.272274868	8.316943196	8.557368627	8.923035728	9.082901959	9.241695094
20220420	8.296693484	8.40171492	8.509394449	8.57612507	8.661268049	8.628606698	8.575128491	8.353603851	8.177755731	8.211797289	8.272687394	8.325003545	8.583887198	8.970311282	9.129506396	9.287395297
20220419	8.296693484	8.40171492	8.509394449	8.57612507	8.661268049	8.628606698	8.575128491	8.337327175	8.124406381	8.130247362	8.219045863	8.307724121	8.573456732	8.970349603	9.129790098	9.274034291
20220418	8.296693484	8.40171492	8.509394449	8.57612507	8.661268049	8.628606698	8.575128491	8.358680196	8.105952409	8.14468431	8.235992647	8.32426543	8.588755286	8.984697689	9.172066496	9.332298593
20220413	8.259901052	8.364456761	8.471658775	8.538093474	8.622858878	8.590703124	8.537827731	8.355524532	8.104067242	8.190662996	8.30234593	8.382542163	8.630814604	9.014605768	9.215417811	9.376909845
20220412	8.278297268	8.383085841	8.490526613	8.557109271	8.642063464	8.618609793	8.574499537	8.389307413	8.169524699	8.2869844	8.448208376	8.547893066	8.748627197	9.077387026	9.245444566	9.417008398
20220411	8.278297268	8.383085841	8.490526613	8.557109271	8.642063464	8.645466779	8.62855524	8.459686898	8.274682555	8.334507981	8.53801569	8.652417382	8.861789673	9.156036445	9.378553041	9.499677002
20220408	8.278297268	8.383085841	8.490526613	8.557109271	8.642063464	8.645466779	8.62855524	8.425823989	8.189948196	8.330629773	8.489968194	8.572910426	8.761983359	9.089090952	9.302952635	9.411240532
20220407	8.296693484	8.40171492	8.509394449	8.57612507	8.661268049	8.664416651	8.647198949	8.390305948	8.167226345	8.344708655	8.517129958	8.625594832	8.844949155	9.110496521	9.304093749	9.39755486
20220406	8.241504836	8.345827682	8.452790939	8.519077675	8.603654293	8.643371241	8.663321126	8.386824715	8.20199088	8.439359085	8.570332349	8.664840958	8.906314521	9.203205019	9.396642227	9.488302827
20220405	8.241504836	8.345827682	8.452790939	8.519077675	8.603654293	8.634422105	8.645308276	8.477003943	8.217280527	8.468949113	8.609335903	8.711455143	8.951548189	9.247384542	9.454963576	9.535379364
20220404	8.223108619	8.327198602	8.433923101	8.500061876	8.584449707	8.615474148	8.626664567	8.442873667	8.243464543	8.473013917	8.606769267	8.705049416	8.932590898	9.259995402	9.456933732	9.52230108
20220401	8.204712403	8.308569522	8.415055265	8.481046078	8.565245121	8.614426379	8.644048463	8.418981564	8.260486133	8.503974007	8.632806568	8.706838241	8.919267028	9.257098959	9.454900531	9.548398617
20220331	8.204712403	8.308569522	8.415055265	8.481046078	8.565245121	8.605475327	8.626035614	8.400475006	8.260654851	8.504266512	8.592753404	8.64208377	8.845247859	9.207029153	9.380816357	9.471633026
20220330	8.241504836	8.345827682	8.452790939	8.519077675	8.603654293	8.625471053	8.627295427	8.364449513	8.225881707	8.471586696	8.575058087	8.604380974	8.788266195	9.171031201	9.364025898	9.428438497
20220329	8.241504836	8.345827682	8.452790939	8.519077675	8.603654293	8.625471053	8.627295427	8.381597408	8.213470597	8.49042466	8.576538519	8.593242145	8.792136446	9.197163047	9.406502464	9.473786073
20220328	8.241504836	8.345827682	8.452790939	8.519077675	8.603654293	8.625471053	8.627295427	8.412546557	8.26729167	8.523692848	8.613615848	8.672102637	8.880160856	9.26180927	9.481686773	9.536423266
20220325	8.259901052	8.364456761	8.471658775	8.538093474	8.622858878	8.644420925	8.645939136	8.422411871	8.35823761	8.585465097	8.709471307	8.807390483	9.028412324	9.37719113	9.561125044	9.636901884
20220324	8.259901052	8.364456761	8.471658775	8.538093474	8.622858878	8.626518823	8.609909625	8.501592657	8.449677652	8.670920126	8.776415098	8.933570543	9.15567046	9.461125677	9.610114158	9.693486935
20220323	8.167919971	8.271311363	8.377319591	8.443014482	8.526835951	8.585479603	8.624775801	8.552336093	8.495419193	8.688339275	8.803829701	8.925731138	9.140702904	9.456804964	9.623552198	9.682353539
20220322	8.167919971	8.271311363	8.377319591	8.443014482	8.526835951	8.576528551	8.606761045	8.53659597	8.441696254	8.594774809	8.697236952	8.840379814	9.05190509	9.361322971	9.502346619	9.560488921
20220318	8.167919971	8.271311363	8.377319591	8.443014482	8.526835951	8.5675775	8.588746289	8.501363485	8.459773192	8.558704294	8.682314533	8.807275919	9.01773482	9.328336424	9.47071064	9.529664314
20220317	8.167919971	8.271311363	8.377319591	8.443014482	8.526835951	8.585479603	8.624775801	8.487767757	8.438284015	8.51285505	8.628054216	8.767147655	8.964408663	9.26344271	9.435172176	9.484778106
20220316	8.167919971	8.271311363	8.377319591	8.443014482	8.526835951	8.5675775	8.588746289	8.453246434	8.484368158	8.490732294	8.623444917	8.733885008	8.925220144	9.21487701	9.38751804	9.438966057
20220315	8.186316187	8.289940443	8.396187428	8.46203028	8.546040536	8.568623353	8.571356675	8.366728503	8.304941629	8.389404691	8.532877427	8.679082818	8.862574381	9.153117649	9.312574878	9.362408625
20220314	8.186316187	8.289940443	8.396187428	8.46203028	8.546040536	8.568623353	8.571356675	8.352567121	8.283767509	8.380580805	8.536568526	8.682095833	8.843523442	9.1331124	9.308784297	9.348573824
20220311	8.186316187	8.289940443	8.396187428	8.46203028	8.546040536	8.568623353	8.571356675	8.334548008	8.265754269	8.412766389	8.582714747	8.672948769	8.845078324	9.147470066	9.309214579	9.373860472
20220310	8.278297268	8.383085841	8.490526613	8.557109271	8.642063464	8.618609793	8.574499537	8.321225105	8.243924213	8.391038682	8.598245972	8.677706421	8.844551957	9.188705245	9.368585627	9.434610254
20220309	8.259901052	8.364456761	8.471658775	8.538093474	8.622858878	8.653370061	8.663951986	8.389771213	8.368498424	8.510140138	8.737589529	8.863271206	9.033830998	9.364129997	9.522431178	9.626422481
20220308	8.094335106	8.196795044	8.301848244	8.366951288	8.450017609	8.518636912	8.568213814	8.375280624	8.380437812	8.536845465	8.745489046	8.872446092	9.065301618	9.40831431	9.557058642	9.604699389
20220307	7.965561593	8.066391487	8.169773385	8.2338407	8.315585511	8.296377689	8.2573373	8.091361831	8.08806657	8.341985338	8.577117384	8.712345464	8.883259318	9.246780983	9.442143376	9.485525304
20220304	7.947165377	8.047762407	8.150905548	8.214824901	8.296380925	8.295349075	8.274757409	8.153549323	8.15004981	8.450803745	8.659861873	8.7610267	8.932544075	9.305819541	9.516478155	9.54879474
20220303	7.928769161	8.029133327	8.132037711	8.195809103	8.27717634	8.276391541	8.256096547	8.055329063	8.066282998	8.35427389	8.55358351	8.657361608	8.854659498	9.242461868	9.441273355	9.484555966
20220302	7.983957809	8.085020566	8.188641222	8.252856497	8.334790096	8.279471638	8.203819067	8.043537612	7.99891283	8.233751938	8.468225809	8.574787628	8.772473566	9.161540323	9.375224265	9.435682116
20220301	8.002354025	8.103649646	8.207509059	8.271872296	8.353994682	8.289464711	8.204438491	8.083433567	8.000742904	8.227173948	8.470790782	8.583713748	8.771645264	9.171879056	9.389113079	9.438588575
20220228	8.002354025	8.103649646	8.207509059	8.271872296	8.353994682	8.307399378	8.24053471	8.091141753	8.017251453	8.281351166	8.498419963	8.599314002	8.792948602	9.216620623	9.409255954	9.465013883
20220225	8.039146457	8.140907805	8.245244733	8.309903893	8.392403852	8.300480654	8.187626371	8.120026535	8.045193236	8.291751887	8.490601953	8.646681032	8.837541264	9.248989242	9.439298471	9.494673421
20220224	8.002354025	8.103649646	8.207509059	8.271872296	8.353994682	8.289464711	8.204438491	8.094120991	7.984573513	8.244764566	8.434229108	8.574638695	8.753895711	9.166581155	9.37331085	9.43223196
20220223	8.07593889	8.178165964	8.282980406	8.347935489	8.430813023	8.383233344	8.315191501	8.138547644	8.063580064	8.314800907	8.454906914	8.638329364	8.821367584	9.241815198	9.475588746	9.526809119
20220222	8.07593889	8.178165964	8.282980406	8.347935489	8.430813023	8.383233344	8.315191501	8.121468864	8.05242229	8.289490861	8.461229521	8.690406585	8.894829708	9.250820674	9.460725889	9.510002618
20220221	8.07593889	8.178165964	8.282980406	8.347935489	8.430813023	8.401158432	8.351268661	8.116014204	8.10404314	8.352866842	8.555804158	8.773140955	8.971282113	9.314793083	9.522469005	9.557991015
20220218	8.112731323	8.215424124	8.32071608	8.385967087	8.469222194	8.430110956	8.370552759	8.15127579	8.156390511	8.406213615	8.604831398	8.821093895	9.004163913	9.30361288	9.505431095	9.542514244
20220217	8.186316187	8.289940443	8.396187428	8.46203028	8.546040536	8.541760621	8.517293349	8.267955319	8.227245224	8.498244954	8.714581292	8.923299122	9.115124044	9.414840086	9.58629103	9.653576346
20220216	8.241504836	8.345827682	8.452790939	8.519077675	8.603654293	8.55383774	8.483120204	8.237953778	8.16079612	8.458015495	8.680501421	8.890511094	9.085636183	9.396089856	9.584024563	9.629433018
20220215	8.241504836	8.345827682	8.452790939	8.519077675	8.603654293	8.598615983	8.573243537	8.548240097	8.409865346	8.6613364	8.867761062	9.054775282	9.236380628	9.600985186	9.772232787	9.80896853
20220214	8.259901052	8.364456761	8.471658775	8.538093474	8.622858878	8.617565856	8.591891057	8.441556837	8.334985501	8.586540975	8.804588214	9.005601423	9.18454961	9.540707577	9.684926502	9.738949464
20220211	8.259901052	8.364456761	8.471658775	8.538093474	8.622858878	8.626518823	8.609909625	8.492125665	8.392063866	8.586028251	8.793252098	8.966582787	9.129377937	9.474681792	9.645997793	9.696805049
20220210	8.296693484	8.40171492	8.509394449	8.57612507	8.661268049	8.628606698	8.575128491	8.589274637	8.485258232	8.695556067	8.880981817	9.033820011	9.204273847	9.549569348	9.720176534	9.782303994
20220209	8.296693484	8.40171492	8.509394449	8.57612507	8.661268049	8.655465599	8.629184193	8.747819911	8.611295814	8.799623798	8.974199113	9.109403991	9.262408352	9.594411508	9.789636358	9.835254031
20220208	8.278297268	8.383085841	8.490526613	8.557109271	8.642063464	8.627562761	8.592520011	8.747508892	8.610655373	8.792396919	8.923591637	9.063035298	9.228339805	9.563393712	9.734416823	9.784273737
20220204	8.278297268	8.383085841	8.490526613	8.557109271	8.642063464	8.627562761	8.592520011	8.735169974	8.593936788	8.784213517	8.947065627	9.054871842	9.193949946	9.52840648	9.713790077	9.768767451
20220203	8.259901052	8.364456761	8.471658775	8.538093474	8.622858878	8.617565856	8.591891057	8.732905535	8.599458001	8.767181011	8.971723965	9.116739318	9.288922079	9.6121111	9.779646879	9.828319543
20220202	8.259901052	8.364456761	8.471658775	8.538093474	8.622858878	8.617565856	8.591891057	8.744084041	8.597264667	8.745949218	8.927825006	9.056433177	9.251551627	9.577436825	9.746775218	9.795245577
20220201	8.278297268	8.383085841	8.490526613	8.557109271	8.642063464	8.627562761	8.592520011	8.743351055	8.585778063	8.754299045	8.94773099	9.088887334	9.28073594	9.594941618	9.760944581	9.82078854
20220131	8.3150897	8.420344	8.528262286	8.595140869	8.680472635	8.656511453	8.611796486	8.754251281	8.679721332	8.855411471	9.017898464	9.169094763	9.365098384	9.700383923	9.857278911	9.911628158
20220128	8.3150897	8.420344	8.528262286	8.595140869	8.680472635	8.665462504	8.629815053	8.819927282	8.745519667	8.938711381	9.092038151	9.258544182	9.431205899	9.775092647	9.934389244	9.97724948
20220127	8.296693484	8.40171492	8.509394449	8.57612507	8.661268049	8.655465599	8.629184193	8.81746459	8.734012404	8.937880937	9.067740774	9.218923269	9.373788286	9.708399435	9.869580565	9.916529214
20220126	8.296693484	8.40171492	8.509394449	8.57612507	8.661268049	8.655465599	8.629184193	8.816022261	8.773151558	8.903180487	9.036122744	9.208504552	9.381601448	9.684922926	9.82726634	9.869465104
20220125	8.296693484	8.40171492	8.509394449	8.57612507	8.661268049	8.664416651	8.647198949	8.791953733	8.79021791	8.918347015	9.068667292	9.244529812	9.424453545	9.705526944	9.841000692	9.906862252
20220124	8.278297268	8.383085841	8.490526613	8.557109271	8.642063464	8.645466779	8.62855524	8.699137205	8.67232528	8.765760516	8.917393783	9.07549488	9.185056602	9.488846256	9.661257834	9.715929262
20220121	8.241504836	8.345827682	8.452790939	8.519077675	8.603654293	8.625471053	8.627295427	8.635631064	8.56036533	8.663627685	8.807986553	8.947216674	9.070019547	9.376983557	9.55154378	9.619127599
20220120	8.241504836	8.345827682	8.452790939	8.519077675	8.603654293	8.625471053	8.627295427	8.627841031	8.536261024	8.701873493	8.842803312	8.939683316	9.097763617	9.406498844	9.580197731	9.66055433
20220119	8.241504836	8.345827682	8.452790939	8.519077675	8.603654293	8.625471053	8.627295427	8.57385099	8.477292327	8.628281707	8.798032729	8.864421749	9.05235557	9.385342363	9.56581244	9.624581673
20220118	8.296693484	8.40171492	8.509394449	8.57612507	8.661268049	8.646512633	8.611167531	8.605536764	8.53503007	8.741072461	8.8850555	8.965168748	9.166909852	9.509570027	9.679150004	9.719787969
20220117	8.351882132	8.457602159	8.56599796	8.633172466	8.718881805	8.730209656	8.721139114	8.701017872	8.567391233	8.807934961	8.99011126	9.089427418	9.321986332	9.630450975	9.776228264	9.819794347
20220114	8.278297268	8.383085841	8.490526613	8.557109271	8.642063464	8.699159679	8.736617091	8.771428277	8.652504348	8.901132955	9.050230095	9.191925601	9.395884403	9.755833064	9.914670346	9.946351862
20220113	8.278297268	8.383085841	8.490526613	8.557109271	8.642063464	8.699159679	8.736617091	8.773141612	8.625333849	8.875046259	8.980142465	9.125771819	9.340725648	9.691442315	9.861402053	9.899629506
20220112	8.241504836	8.345827682	8.452790939	8.519077675	8.603654293	8.634422105	8.645308276	8.730511959	8.566995262	8.800866102	8.899497194	9.05967041	9.273823738	9.614817532	9.783257781	9.833445844
20220111	8.241504836	8.345827682	8.452790939	8.519077675	8.603654293	8.607568951	8.591262103	8.74427138	8.560986832	8.783342727	8.878897568	9.020078956	9.208841615	9.56151278	9.735249017	9.797379982
20220110	8.259901052	8.364456761	8.471658775	8.538093474	8.622858878	8.626518823	8.609909625	8.701916372	8.557784632	8.77941577	8.86032231	9.008190555	9.218022362	9.538793115	9.703849457	9.764355725
20220107	8.278297268	8.383085841	8.490526613	8.557109271	8.642063464	8.654417831	8.646569995	8.668089839	8.507547958	8.696068791	8.809834597	9.03498201	9.222046004	9.551542889	9.719076399	9.781493107
20220106	8.204712403	8.308569522	8.415055265	8.481046078	8.565245121	8.587573225	8.590004197	8.672204024	8.529066402	8.725831967	8.854202637	9.076316463	9.319086469	9.670319366	9.852452816	9.896754116
20220105	8.204712403	8.308569522	8.415055265	8.481046078	8.565245121	8.587573225	8.590004197	8.64445601	8.510183749	8.676151586	8.814922958	9.010300157	9.250836348	9.592929755	9.773600863	9.839881683
20220104	8.204712403	8.308569522	8.415055265	8.481046078	8.565245121	8.587573225	8.590004197	8.636387696	8.486182738	8.673387922	8.820726583	8.957833421	9.186202984	9.55178559	9.741808848	9.799380793
20220103	8.223108619	8.327198602	8.433923101	8.500061876	8.584449707	8.588617163	8.572614582	8.649754251	8.47601317	8.646981824	8.850386783	8.972067098	9.188540958	9.575846496	9.762506521	9.80505856
20211231	8.241504836	8.345827682	8.452790939	8.519077675	8.603654293	8.598615983	8.573243537	8.657309656	8.498165167	8.634824394	8.833581387	8.952080705	9.150983209	9.517363595	9.689418457	9.739204225
20211230	8.241504836	8.345827682	8.452790939	8.519077675	8.603654293	8.598615983	8.573243537	8.69336425	8.544480006	8.643165816	8.848054687	8.96801483	9.179037286	9.545678152	9.718280457	9.777601778
20211229	8.241504836	8.345827682	8.452790939	8.519077675	8.603654293	8.589661101	8.555223063	8.75986236	8.509691367	8.637549393	8.828897235	8.929573919	9.115030396	9.503791513	9.696276177	9.752122506
20211228	8.241504836	8.345827682	8.452790939	8.519077675	8.603654293	8.589661101	8.555223063	8.615067414	8.507427446	8.579910872	8.812700647	8.913814914	9.100217844	9.499521895	9.706651807	9.737517205
20211227	8.241504836	8.345827682	8.452790939	8.519077675	8.603654293	8.598615983	8.573243537	8.617260919	8.485805706	8.543952988	8.787475089	8.843245534	9.001317332	9.413327997	9.628319976	9.65182253
20211224	8.241504836	8.345827682	8.452790939	8.519077675	8.603654293	8.616520002	8.609278765	8.589158232	8.401711786	8.481084688	8.742568105	8.827025002	8.985689395	9.397065448	9.622173089	9.651476116
20211223	8.241504836	8.345827682	8.452790939	8.519077675	8.603654293	8.616520002	8.609278765	8.655805486	8.463490155	8.510451134	8.803854651	8.990812933	9.167463668	9.606845132	9.836811352	9.872809627
20211222	8.241504836	8.345827682	8.452790939	8.519077675	8.603654293	8.616520002	8.609278765	8.585107707	8.408253916	8.445419309	8.683962969	8.858148588	9.032952644	9.45393407	9.682138336	9.70332788
20211221	8.241504836	8.345827682	8.452790939	8.519077675	8.603654293	8.625471053	8.627295427	8.596282576	8.449183549	8.460416049	8.749818893	8.943981077	9.140920878	9.516760037	9.727106756	9.786206197
20211220	8.241504836	8.345827682	8.452790939	8.519077675	8.603654293	8.643371241	8.663321126	8.56028982	8.401689406	8.448643583	8.633936022	8.842067169	9.041119408	9.419235844	9.643951983	9.663067771
20211217	8.223108619	8.327198602	8.433923101	8.500061876	8.584449707	8.606523097	8.608649812	8.493115107	8.34353331	8.367643364	8.529949832	8.713797146	8.937273305	9.286508863	9.503889645	9.53100026
20211216	8.223108619	8.327198602	8.433923101	8.500061876	8.584449707	8.606523097	8.608649812	8.51361328	8.323963733	8.341647444	8.459394784	8.653819965	8.834831926	9.184817243	9.406573389	9.436402906
20211215	8.259901052	8.364456761	8.471658775	8.538093474	8.622858878	8.617565856	8.591891057	8.429668988	8.262412618	8.325151197	8.422858062	8.589461555	8.776905706	9.052320189	9.249695375	9.298244415
20211214	8.278297268	8.383085841	8.490526613	8.557109271	8.642063464	8.636515728	8.610538578	8.432402684	8.218172324	8.326872603	8.424920686	8.621699678	8.806640606	9.048508829	9.223689315	9.291704497
20211213	8.241504836	8.345827682	8.452790939	8.519077675	8.603654293	8.607568951	8.591262103	8.393125129	8.193010946	8.310467134	8.434051124	8.587167014	8.756642185	9.010069499	9.20014989	9.283898538
20211210	8.241504836	8.345827682	8.452790939	8.519077675	8.603654293	8.589661101	8.555223063	8.435261879	8.266241486	8.417217838	8.580146447	8.686238116	8.865083505	9.107081146	9.281846747	9.354596452
20211209	8.241504836	8.345827682	8.452790939	8.519077675	8.603654293	8.580706219	8.537198777	8.46930849	8.32001091	8.441023335	8.579228247	8.668261492	8.847392079	9.101518189	9.262971075	9.324163308
20211208	8.278297268	8.383085841	8.490526613	8.557109271	8.642063464	8.609654911	8.556479064	8.52472449	8.439707789	8.527086908	8.661779781	8.764769648	8.94376732	9.206907803	9.38863236	9.456668885
20211207	8.333485916	8.43897308	8.547130124	8.614156667	8.699677221	8.657555392	8.594406871	8.655234374	8.598667781	8.66946937	8.764204032	8.889483298	9.021737472	9.270556078	9.466100474	9.554290757
20211206	8.259901052	8.364456761	8.471658775	8.538093474	8.622858878	8.617565856	8.591891057	8.666778466	8.587510005	8.64011133	8.710086768	8.807267737	8.956684305	9.240665563	9.449708776	9.539154186
20211203	8.259901052	8.364456761	8.471658775	8.538093474	8.622858878	8.599658006	8.555850111	8.625170994	8.536541646	8.597398945	8.610506942	8.721867314	8.87320183	9.169902323	9.385078198	9.484935002
20211202	8.3150897	8.420344	8.528262286	8.595140869	8.680472635	8.665462504	8.629815053	8.660239785	8.569951273	8.612659612	8.643721841	8.769136148	8.906974902	9.234639559	9.479073558	9.579154874
20211201	8.3150897	8.420344	8.528262286	8.595140869	8.680472635	8.674415472	8.647829808	8.660852729	8.550006384	8.596751736	8.64232957	8.768561694	8.907309129	9.256709361	9.509168087	9.61740485
20211130	8.370278348	8.476231239	8.584865797	8.652188263	8.738086391	8.731259341	8.703760936	8.724047851	8.649892661	8.685535265	8.707668174	8.846440215	8.957698288	9.370200709	9.638534842	9.739873751
20211129	8.370278348	8.476231239	8.584865797	8.652188263	8.738086391	8.740208477	8.72177188	8.715191985	8.687076063	8.720481151	8.820457111	8.899830004	9.035447237	9.426354002	9.6760277	9.762143649
20211126	8.351882132	8.457602159	8.56599796	8.633172466	8.718881805	8.739156877	8.739148152	8.746981432	8.719067079	8.772397343	8.852524259	8.961355426	9.081572175	9.492236082	9.750594169	9.833150694
20211125	8.370278348	8.476231239	8.584865797	8.652188263	8.738086391	8.749155698	8.739779012	8.770527958	8.704089045	8.799939837	8.919246819	9.010840241	9.112648827	9.511042198	9.756908125	9.832961175
20211124	8.425466997	8.532118478	8.641469308	8.709235659	8.795700148	8.797048516	8.777691572	8.83948694	8.854766355	8.920265105	8.971988446	9.137270704	9.224563201	9.597991344	9.833317083	9.915659295
20211123	8.425466997	8.532118478	8.641469308	8.709235659	8.795700148	8.805993821	8.795694892	8.873790005	8.888599497	8.938311289	9.052330977	9.202753473	9.270683296	9.610196638	9.816217704	9.870106668
20211122	8.425466997	8.532118478	8.641469308	8.709235659	8.795700148	8.797048516	8.777691572	8.925491963	8.924085389	8.989686178	9.148949939	9.270825371	9.380813512	9.699200756	9.893501413	9.941881106
20211119	8.407070781	8.513489398	8.622601471	8.690219861	8.776495562	8.760206118	8.723035504	8.885919757	8.905342186	9.03546818	9.262467447	9.305719727	9.393932325	9.722091271	9.914043048	9.956533007
20211118	8.407070781	8.513489398	8.622601471	8.690219861	8.776495562	8.742307847	8.687011712	8.831245838	8.83770689	8.963318745	9.213345393	9.288900192	9.377333998	9.662346965	9.836601728	9.879548384
20211117	8.351882132	8.457602159	8.56599796	8.633172466	8.718881805	8.703362248	8.667106283	8.84746795	8.820340976	8.998758862	9.245746886	9.337499597	9.440764469	9.703872746	9.867413394	9.909434722
20211116	8.351882132	8.457602159	8.56599796	8.633172466	8.718881805	8.712311385	8.685119133	8.915412027	8.769377782	8.995731273	9.294785771	9.403258953	9.505930658	9.756631422	9.921603719	9.962221648
20211112	8.370278348	8.476231239	8.584865797	8.652188263	8.738086391	8.749155698	8.739779012	8.986419007	8.835394763	9.046860728	9.378185642	9.578717616	9.623308917	9.899208541	10.08333777	10.09368954
20211111	8.370278348	8.476231239	8.584865797	8.652188263	8.738086391	8.749155698	8.739779012	8.984652927	8.832841611	9.04337757	9.374895425	9.576927154	9.620468795	9.896267391	10.08104609	10.0931039
20211110	8.388674564	8.494860318	8.603733634	8.671204062	8.757290976	8.750207298	8.72240274	8.878742669	8.831564173	9.058996303	9.294795752	9.525005413	9.556290755	9.895975192	10.1104093	10.11713227
20211109	8.388674564	8.494860318	8.603733634	8.671204062	8.757290976	8.750207298	8.72240274	8.860694455	8.829222779	9.058697074	9.261153357	9.475293107	9.505793416	9.857329885	10.07081861	10.0823076
20211108	8.370278348	8.476231239	8.584865797	8.652188263	8.738086391	8.740208477	8.72177188	8.859646811	8.845826017	9.057985985	9.243875554	9.441860252	9.439995908	9.812401503	10.03826376	10.05173464
20211105	8.370278348	8.476231239	8.584865797	8.652188263	8.738086391	8.758102918	8.757786144	8.823408515	8.790997802	8.907324301	9.074863481	9.213136184	9.224931335	9.603469676	9.843264008	9.861466519
20211104	8.370278348	8.476231239	8.584865797	8.652188263	8.738086391	8.758102918	8.757786144	8.819683559	8.789944173	8.903984034	9.072574633	9.211689412	9.221624587	9.599706217	9.840950256	9.860943016
20211103	8.370278348	8.476231239	8.584865797	8.652188263	8.738086391	8.749155698	8.739779012	8.836353103	8.789124686	8.985444863	9.123661171	9.180727853	9.264100477	9.657756407	9.902472716	9.928552721
20211101	8.296693484	8.40171492	8.509394449	8.57612507	8.661268049	8.655465599	8.629184193	8.813239457	8.753489014	8.91627931	9.168074123	9.278659867	9.347831604	9.726785615	9.956809621	9.97760366
20211029	8.3150897	8.420344	8.528262286	8.595140869	8.680472635	8.665462504	8.629815053	8.811782577	8.735016104	8.863485605	9.293212188	9.39624604	9.446418879	9.832101779	10.05740894	10.08268974
20211028	8.278297268	8.383085841	8.490526613	8.557109271	8.642063464	8.663368881	8.664582846	8.757425133	8.769114376	8.913335773	9.3743465	9.588512781	9.675551663	10.04649916	10.25950598	10.27362117
20211027	8.278297268	8.383085841	8.490526613	8.557109271	8.642063464	8.636515728	8.610538578	8.770997215	8.76720855	8.907858878	9.354595213	9.585178988	9.672422523	10.04292571	10.27153339	10.29837344
20211026	8.278297268	8.383085841	8.490526613	8.557109271	8.642063464	8.618609793	8.574499537	8.679291991	8.696343506	8.855715744	9.303809751	9.567148355	9.672953735	10.02285979	10.24101016	10.27105181
20211025	8.296693484	8.40171492	8.509394449	8.57612507	8.661268049	8.637561582	8.593148965	8.680232324	8.72908859	8.889733684	9.321120822	9.503041984	9.697940028	10.05487873	10.27180921	10.30128456
20211022	8.3150897	8.420344	8.528262286	8.595140869	8.680472635	8.656511453	8.611796486	8.64589652	8.623968609	8.821023698	9.174897416	9.338686147	9.53477913	9.884668849	10.09438326	10.11976999
20211021	8.3150897	8.420344	8.528262286	8.595140869	8.680472635	8.629648721	8.557735065	8.536526855	8.461300263	8.731128988	9.041102983	9.220852843	9.404099606	9.723261663	9.915456833	9.946443513
20211020	8.370278348	8.476231239	8.584865797	8.652188263	8.738086391	8.749155698	8.739779012	8.594030868	8.478903758	8.72873852	9.040795253	9.219684297	9.402363887	9.732217641	9.937123821	9.970133242
20211019	8.296693484	8.40171492	8.509394449	8.57612507	8.661268049	8.646512633	8.611167531	8.574742215	8.339503014	8.64044418	8.958345187	9.090425756	9.287352666	9.599806809	9.80394442	9.847187439
20211018	8.296693484	8.40171492	8.509394449	8.57612507	8.661268049	8.628606698	8.575128491	8.536716013	8.374260664	8.672875199	8.960286382	9.08933904	9.285066359	9.629012334	9.849418775	9.883897973
20211015	8.094335106	8.196795044	8.301848244	8.366951288	8.450017609	8.45595465	8.442057158	8.534402465	8.32167571	8.639028727	8.845418188	9.002986107	9.218363048	9.575169489	9.815521058	9.876078033
20211014	8.020750241	8.122278725	8.226376895	8.290888095	8.373199268	8.415970862	8.439556592	8.441098492	8.313799329	8.672317086	8.843560162	9.031461643	9.247681375	9.634530583	9.871131472	9.896505568
20211013	8.020750241	8.122278725	8.226376895	8.290888095	8.373199268	8.362214751	8.331363233	8.406457127	8.194331424	8.519481791	8.658318233	8.942994196	9.153955731	9.529910586	9.769561256	9.80761239
20211012	8.020750241	8.122278725	8.226376895	8.290888095	8.373199268	8.371175379	8.349400859	8.374751345	8.125129459	8.517970518	8.579639109	8.828728723	9.054779119	9.423784887	9.66088114	9.707076294
20211011	8.278297268	8.383085841	8.490526613	8.557109271	8.642063464	8.618609793	8.574499537	8.678755437	8.464442207	8.800787092	9.002480349	9.218111506	9.531549884	9.84921378	10.05377913	10.11723946
20211008	8.223108619	8.327198602	8.433923101	8.500061876	8.584449707	8.59757013	8.59063315	8.774543926	8.620842159	8.9502485	9.166748388	9.41233728	9.675562965	10.04788831	10.28278692	10.34138156
20211007	8.223108619	8.327198602	8.433923101	8.500061876	8.584449707	8.588617163	8.572614582	8.858999309	8.770777454	9.082233603	9.312695669	9.573141654	9.785234627	10.21197638	10.47904284	10.52860031
20211006	8.186316187	8.289940443	8.396187428	8.46203028	8.546040536	8.568623353	8.571356675	8.805311193	8.740922959	9.028068153	9.215088642	9.521120079	9.707450158	10.13200488	10.3894496	10.42743042
20211005	8.167919971	8.271311363	8.377319591	8.443014482	8.526835951	8.504895238	8.462587728	8.610976874	8.568920027	8.807434005	9.029675382	9.338244259	9.589950803	10.03268917	10.29730303	10.33078254
20211004	8.167919971	8.271311363	8.377319591	8.443014482	8.526835951	8.486977811	8.426527723	8.494340996	8.403285341	8.619145143	8.852286393	9.108834448	9.439015832	9.862247769	10.11953979	10.16910676
20211001	8.167919971	8.271311363	8.377319591	8.443014482	8.526835951	8.469056554	8.390460093	8.302693083	8.202330038	8.385548339	8.599580024	8.949792712	9.308345996	9.744651265	10.01688993	10.07721858
20210930	8.167919971	8.271311363	8.377319591	8.443014482	8.526835951	8.486977811	8.426527723	8.340631982	8.212874919	8.448293922	8.727610754	9.051055246	9.404784206	9.82873271	10.09921881	10.16129769
20210929	8.167919971	8.271311363	8.377319591	8.443014482	8.526835951	8.478017182	8.408493908	8.267802537	8.12573891	8.400419	8.613324752	8.939010665	9.215379225	9.654420869	9.931501783	9.984169987
20210928	8.167919971	8.271311363	8.377319591	8.443014482	8.526835951	8.478017182	8.408493908	8.252175181	8.144683542	8.382752735	8.5520748	8.885341015	9.180432322	9.611946638	9.884755495	9.938448037
20210927	8.07593889	8.178165964	8.282980406	8.347935489	8.430813023	8.374268884	8.297150062	8.191515504	8.092182947	8.348975186	8.517294636	8.807053339	9.100154873	9.492648035	9.74508246	9.801181212
20210924	8.07593889	8.178165964	8.282980406	8.347935489	8.430813023	8.374268884	8.297150062	8.174216647	8.03296806	8.271041222	8.462320717	8.770818592	9.052231244	9.422956192	9.660488685	9.710082171
20210923	8.07593889	8.178165964	8.282980406	8.347935489	8.430813023	8.374268884	8.297150062	8.071442046	8.020398562	8.199619686	8.472545675	8.681095859	8.996907797	9.374583694	9.613786529	9.667016577
20210922	8.07593889	8.178165964	8.282980406	8.347935489	8.430813023	8.374268884	8.297150062	8.087265834	8.03563656	8.278542114	8.524234367	8.714548353	9.028572171	9.385696833	9.623996665	9.690106683
20210921	8.057542674	8.159536885	8.264112569	8.328919691	8.411608438	8.35531135	8.278485389	8.033546798	7.96650346	8.151832179	8.363840403	8.474135552	8.779645721	9.172287815	9.43087566	9.511427107
20210920	8.039146457	8.140907805	8.245244733	8.309903893	8.392403852	8.336351901	8.259820714	8.018377786	7.913267736	8.098300489	8.273181425	8.402960623	8.728715664	9.124442235	9.384335844	9.473417911
20210917	8.039146457	8.140907805	8.245244733	8.309903893	8.392403852	8.327385525	8.241775464	8.019338127	7.891019329	8.072185214	8.187131748	8.360311966	8.707568945	9.115673073	9.377758674	9.460636332
20210915	8.057542674	8.159536885	8.264112569	8.328919691	8.411608438	8.328412224	8.224347731	8.06855193	7.967130127	8.100122758	8.205146439	8.431647283	8.818881063	9.199459125	9.429206543	9.496301411
20210914	8.131127539	8.234053204	8.339583918	8.404982884	8.48842678	8.431143402	8.353138368	8.239896285	8.177702361	8.316386148	8.442674223	8.705209805	9.077750363	9.431755691	9.649466844	9.707065421
20210913	8.131127539	8.234053204	8.339583918	8.404982884	8.48842678	8.395285563	8.280970708	8.240158195	8.161102566	8.313429163	8.407007462	8.652549949	9.086851993	9.420805416	9.624182648	9.685699617
20210910	8.057542674	8.159536885	8.264112569	8.328919691	8.411608438	8.35531135	8.278485389	8.205214905	8.090884851	8.171771238	8.323580976	8.582952721	9.020487753	9.346596463	9.545582876	9.611250182
20210909	8.07593889	8.178165964	8.282980406	8.347935489	8.430813023	8.365304425	8.279106719	8.146708717	8.029092709	8.161493234	8.284085055	8.609302288	9.026775095	9.33811471	9.525209886	9.586081594
20210908	8.057542674	8.159536885	8.264112569	8.328919691	8.411608438	8.35531135	8.278485389	8.033546798	7.96650346	8.151832179	8.363840403	8.474135552	8.779645721	9.172287815	9.43087566	9.511427107
20210907	8.039146457	8.140907805	8.245244733	8.309903893	8.392403852	8.336351901	8.259820714	8.018377786	7.913267736	8.098300489	8.273181425	8.402960623	8.728715664	9.124442235	9.384335844	9.473417911
20210906	8.039146457	8.140907805	8.245244733	8.309903893	8.392403852	8.327385525	8.241775464	8.019338127	7.891019329	8.072185214	8.187131748	8.360311966	8.707568945	9.115673073	9.377758674	9.460636332
20210903	8.057542674	8.159536885	8.264112569	8.328919691	8.411608438	8.328412224	8.224347731	8.06855193	7.967130127	8.100122758	8.205146439	8.431647283	8.818881063	9.199459125	9.429206543	9.496301411
20210902	8.131127539	8.234053204	8.339583918	8.404982884	8.48842678	8.431143402	8.353138368	8.239896285	8.177702361	8.316386148	8.442674223	8.705209805	9.077750363	9.431755691	9.649466844	9.707065421
20210901	8.131127539	8.234053204	8.339583918	8.404982884	8.48842678	8.395285563	8.280970708	8.240158195	8.161102566	8.313429163	8.407007462	8.652549949	9.086851993	9.420805416	9.624182648	9.685699617
20210831	8.057542674	8.159536885	8.264112569	8.328919691	8.411608438	8.35531135	8.278485389	8.205214905	8.090884851	8.171771238	8.323580976	8.582952721	9.020487753	9.346596463	9.545582876	9.611250182