DATE	1	7	30	90	180	270	360	720	1080	1440	1800	2160	2520	2880	3240	3600	5400	7200	9000	10800
20220831	0.084889919	0.083771013	0.082475491	0.083958166	0.084098333	0.083840113	0.083256614	0.080757046	0.081060399	0.080942578	0.080763741	0.080245142	0.079845617	0.079823272	0.079907517	0.079950103	0.080359637	0.080764519	0.081013793	0.081143582
20220830	0.082915735	0.083771013	0.082475491	0.083765601	0.084290338	0.083840113	0.083446265	0.080556292	0.080685058	0.081740821	0.080762685	0.079179258	0.078912239	0.079458197	0.080222968	0.080946035	0.079695799	0.081248469	0.078490404	0.081647234
20220829	0.082915735	0.083771013	0.082854688	0.083958166	0.083714322	0.083647818	0.083446265	0.080552408	0.081280811	0.082759418	0.081631322	0.079568066	0.078791168	0.080007973	0.081361767	0.081653744	0.079091019	0.079553343	0.075779172	0.07733396
20220826	0.08389493	0.083771013	0.082854688	0.083958166	0.083714322	0.083647818	0.083446265	0.07983258	0.07991625	0.080388688	0.07929132	0.078020344	0.076979436	0.07819129	0.079485091	0.079063651	0.077100324	0.075668771	0.074615728	0.073052949
20220825	0.082915735	0.083771013	0.082854688	0.08453586	0.084674349	0.084967205	0.084398652	0.081022961	0.08196925	0.08304894	0.082270277	0.080699149	0.0795355	0.08061922	0.081784184	0.081358412	0.079122589	0.076941386	0.072676856	0.074794815
20220824	0.082915735	0.083697178	0.082854688	0.084728424	0.084866355	0.085312872	0.084784193	0.081451695	0.082313331	0.082918179	0.082849415	0.080870927	0.080711491	0.081450873	0.082062629	0.081885902	0.079181401	0.078150188	0.075523327	0.070915566
20220823	0.082915735	0.08338479	0.082854688	0.084728424	0.085250366	0.085338543	0.084773572	0.080842663	0.081766391	0.081938839	0.08207816	0.080208868	0.08126469	0.081962893	0.082400432	0.082356432	0.081101926	0.080074183	0.078657092	0.07335635
20220822	0.082915735	0.083004236	0.081527497	0.084343296	0.08505836	0.085329852	0.08439448	0.08084793	0.08175831	0.082435193	0.082307727	0.0806366	0.082329107	0.083269146	0.083808256	0.083795794	0.083553714	0.08310795	0.081782558	0.078552177
20220819	0.082915735	0.081930759	0.081527497	0.084343296	0.085230608	0.085299624	0.084394329	0.080795996	0.082029007	0.083176885	0.083688254	0.081852152	0.084232385	0.084680492	0.084530375	0.084814016	0.084006476	0.084613525	0.080460022	0.085369599
20220818	0.082915735	0.081822851	0.081527497	0.08453586	0.085410459	0.085318371	0.0843945	0.081381947	0.08233337	0.083841783	0.08363222	0.082258856	0.084939266	0.085458465	0.085314686	0.085770389	0.083742975	0.083814395	0.081085891	0.08362585
20220817	0.082915735	0.081822851	0.081527497	0.084343296	0.08544237	0.085344465	0.084015635	0.081949439	0.083111861	0.084625764	0.085030022	0.082945025	0.085324296	0.086253861	0.086447795	0.086904384	0.084985035	0.085035073	0.085933838	0.082914851
20220816	0.081138969	0.081822851	0.081527497	0.084150731	0.086018387	0.085570757	0.085911779	0.084230777	0.086479759	0.088156469	0.088233229	0.085644121	0.087972355	0.089285672	0.08997071	0.090720149	0.087593041	0.086894982	0.087443623	0.080671481
20220815	0.081138969	0.081822851	0.082285892	0.083187908	0.08544237	0.085320852	0.085912425	0.086545902	0.088143726	0.089354903	0.088598247	0.086170394	0.086284092	0.087398883	0.088563153	0.089334275	0.08779185	0.082634206	0.081224304	0.078414778
20220812	0.082020245	0.081822851	0.082285892	0.083187908	0.08544237	0.085279586	0.08572725	0.085585357	0.086581131	0.087385517	0.08650938	0.084595137	0.084749499	0.085584573	0.086348226	0.086434636	0.084856757	0.07834601	0.075929047	0.077764738
20220811	0.081138969	0.081822851	0.082285892	0.083187908	0.08544237	0.085266164	0.085911988	0.085241121	0.085664935	0.086104966	0.084956768	0.082711488	0.083735885	0.084409184	0.084593207	0.084352383	0.08406074	0.077482725	0.072153913	0.078356299
20220810	0.081138969	0.081756398	0.082285892	0.083380471	0.08544237	0.085327929	0.085722413	0.084423393	0.085797946	0.086028679	0.08582774	0.083756675	0.085618446	0.08555819	0.084724894	0.084549399	0.085576155	0.079818669	0.076279189	0.077791216
20220809	0.080941551	0.081569921	0.082285892	0.083958166	0.08544237	0.085319718	0.085912008	0.083727887	0.085536899	0.085849397	0.084856432	0.083500543	0.086494943	0.086366852	0.085119431	0.084718082	0.085065541	0.07998793	0.075049309	0.076782333
20220808	0.080941551	0.080465389	0.080958699	0.082802779	0.08505836	0.085955345	0.086291138	0.085004287	0.087709969	0.088118518	0.087481093	0.085972443	0.089665104	0.089385503	0.087796825	0.087741863	0.087739247	0.082696012	0.076858457	0.081731966
20220805	0.080941551	0.079928651	0.080958699	0.082802779	0.08505836	0.085955345	0.086485511	0.086960812	0.08855432	0.089081613	0.088344129	0.086713698	0.089848482	0.089892394	0.088610028	0.088082294	0.08723703	0.082637837	0.077521856	0.089582018
20220804	0.080941551	0.079874687	0.080958699	0.082802779	0.084674349	0.085490627	0.086317101	0.088442742	0.088865879	0.089838611	0.088596897	0.086224219	0.089219382	0.089511341	0.088395579	0.088107722	0.086373338	0.0836377	0.083452754	0.087112559
20220803	0.080941551	0.079874687	0.080958699	0.081839956	0.083906328	0.084609288	0.085911723	0.08603458	0.085760943	0.087246449	0.085950457	0.084536714	0.086055082	0.085642312	0.084435873	0.083987149	0.082859834	0.08222884	0.084203038	0.09134105
20220802	0.080941551	0.079874687	0.080958699	0.081839956	0.083906328	0.084609288	0.08439522	0.084649886	0.084768942	0.085657917	0.085122044	0.084278008	0.085814833	0.08548209	0.084417319	0.083948789	0.082778687	0.082299911	0.086944759	0.102647587
20220801	0.081928643	0.08093965	0.080579502	0.082417649	0.084098333	0.084032407	0.083851927	0.084570323	0.084334743	0.086933222	0.08643334	0.085344123	0.086200449	0.085698573	0.084729867	0.084652382	0.082297857	0.081710649	0.081941763	0.092046828
20220729	0.081928643	0.080848769	0.080579502	0.082610214	0.084098333	0.083942048	0.083660476	0.082462512	0.081663873	0.084244911	0.084731436	0.083372987	0.083469631	0.082765282	0.08176728	0.081460044	0.07955966	0.077037907	0.076758331	0.083428555
20220728	0.081928643	0.080848769	0.080579502	0.082225084	0.083906328	0.083897205	0.083081434	0.080545165	0.080467362	0.082976066	0.083656952	0.08187751	0.081824485	0.082257817	0.082431004	0.081545926	0.080442801	0.076708477	0.074133712	0.085809762
20220727	0.081928643	0.080848769	0.080579502	0.081262261	0.083906328	0.0842247	0.084024737	0.080514507	0.08046705	0.084231405	0.085075351	0.083310884	0.082832445	0.083227678	0.083753461	0.083189947	0.0821309	0.07739135	0.077177498	0.086784155
20220726	0.081928643	0.080848769	0.079062712	0.080684567	0.082370285	0.082710867	0.082886701	0.080214524	0.080572071	0.08340681	0.084764989	0.083065564	0.082190107	0.082143599	0.082359343	0.082088376	0.081776357	0.075195577	0.078988871	0.08547868
20220725	0.081928643	0.080848769	0.079062712	0.079914309	0.082370285	0.08268635	0.081553305	0.078920224	0.079241945	0.080831831	0.080078654	0.078440918	0.077832796	0.077982809	0.078440765	0.078832426	0.076627605	0.070348177	0.07114919	0.083631347
20220722	0.081928643	0.080848769	0.079062712	0.079914309	0.082370285	0.08268635	0.081550081	0.077583754	0.078203618	0.079690424	0.078230496	0.076404724	0.0756658	0.075988522	0.07649678	0.076140168	0.074939653	0.068250639	0.067850114	0.075143431
20220721	0.081928643	0.080848769	0.079062712	0.08203252	0.083330311	0.083455525	0.082308949	0.079939912	0.080427758	0.082435439	0.080631034	0.078606659	0.078083289	0.078428029	0.078755193	0.078159104	0.076308434	0.06793329	0.068688383	0.076704185
20220720	0.081928643	0.080848769	0.079062712	0.082610214	0.082754296	0.08289545	0.082119299	0.079703166	0.080278882	0.081277234	0.078628026	0.07658594	0.076021581	0.075934361	0.076022584	0.075927963	0.073902372	0.066327833	0.06861597	0.073542226
20220719	0.080744132	0.079770753	0.078304316	0.083573036	0.08256229	0.082951023	0.082308931	0.079946107	0.080142191	0.08078511	0.078991255	0.076707764	0.076052849	0.076308361	0.07671688	0.0771691	0.075307693	0.066065387	0.070313081	0.079762071
20220718	0.080744132	0.079669078	0.077925119	0.083573036	0.08256229	0.083105031	0.082312685	0.080138777	0.079483459	0.079927732	0.078133088	0.07556681	0.075366672	0.075467512	0.075348084	0.075717651	0.073582436	0.070410442	0.065160889	0.072388296
20220715	0.080744132	0.079679871	0.077925119	0.083573036	0.08256229	0.083121472	0.082498543	0.080308348	0.080019848	0.08076765	0.078626056	0.076204033	0.076039555	0.076249281	0.076261773	0.077051941	0.07506394	0.072218513	0.068938157	0.076312707
20220714	0.080744132	0.079679871	0.077925119	0.083573036	0.08256229	0.083864169	0.083257184	0.081287232	0.081686578	0.08193127	0.079098443	0.07768615	0.077155463	0.076902953	0.076763123	0.077380719	0.075984134	0.074686385	0.073229773	0.082988093
20220713	0.080744132	0.079679871	0.077925119	0.082802779	0.08256229	0.083889956	0.083446701	0.08109787	0.081337443	0.081209992	0.078366819	0.077265575	0.07664615	0.076239855	0.076246644	0.076476803	0.07536186	0.074717333	0.074548082	0.091693069
20220712	0.080744132	0.079679871	0.07944191	0.082802779	0.083138306	0.08446324	0.083825775	0.080846933	0.080153462	0.080597107	0.078663548	0.077490784	0.076550761	0.075878226	0.07565566	0.075895318	0.075911049	0.072363603	0.070094551	0.086672061
20220711	0.080744132	0.079679871	0.07944191	0.082802779	0.08256229	0.084237392	0.083827311	0.079719387	0.079839121	0.079557571	0.07818175	0.076973284	0.075507541	0.074282292	0.073712162	0.074067808	0.073068698	0.06965863	0.066801047	0.080003297
20220708	0.080744132	0.079679871	0.079062712	0.083380471	0.084098333	0.085955345	0.085550021	0.08336995	0.083574638	0.084041186	0.083440904	0.081711565	0.079631108	0.07862277	0.078326277	0.077831881	0.076567277	0.072707443	0.067804399	0.089914796
20220707	0.080744132	0.079679871	0.078873113	0.083765601	0.084674349	0.085948923	0.085722072	0.082700726	0.08291795	0.083185131	0.081298957	0.080540668	0.078860554	0.077780568	0.077351236	0.07707768	0.076201439	0.071472046	0.066187486	0.083020677
20220706	0.080744132	0.079679871	0.078683514	0.083573036	0.084674349	0.085947595	0.085722072	0.08214545	0.081381399	0.081229298	0.079018366	0.076494351	0.074786941	0.073672678	0.072780273	0.071229282	0.07199263	0.065920969	0.059518196	0.072026967
20220705	0.080744132	0.079679871	0.079821108	0.083765601	0.083714322	0.085939308	0.085153121	0.08148844	0.080831268	0.080219269	0.078130823	0.075712122	0.07439925	0.073356552	0.072424563	0.072236529	0.069589087	0.064117297	0.058258792	0.07025863
20220704	0.080744132	0.079679871	0.080010705	0.083765601	0.084290338	0.085934847	0.085191487	0.08267378	0.082733985	0.082013819	0.080756411	0.077817692	0.075387836	0.073956574	0.073147101	0.072365277	0.068629432	0.063485521	0.058159525	0.071951995
20220701	0.080744132	0.079679871	0.077545921	0.082802779	0.084290338	0.085931865	0.085166776	0.082272344	0.082552899	0.082342706	0.08116338	0.078018867	0.075083763	0.073345878	0.072296856	0.071607094	0.068326953	0.063138602	0.058857375	0.070730717
20220630	0.080744132	0.079679871	0.077545921	0.08203252	0.084674349	0.086133831	0.085167837	0.082778715	0.083665656	0.084648394	0.0836936	0.080925783	0.077272336	0.075071031	0.074001098	0.073521617	0.070340152	0.06592074	0.062647337	0.075581634
20220629	0.080744132	0.079679871	0.077545921	0.081454826	0.084290338	0.085751263	0.084977068	0.082281584	0.083526054	0.085015803	0.083731739	0.081605992	0.078059717	0.076141689	0.07559445	0.075038027	0.073007385	0.069871031	0.067804234	0.081817947
20220628	0.080941551	0.078240607	0.075649932	0.080492004	0.083906328	0.085781549	0.084787322	0.082299186	0.08375579	0.085289632	0.084405079	0.082739916	0.07943089	0.077627087	0.077053482	0.076452228	0.075233135	0.07379128	0.072229217	0.087344975
20220627	0.080941551	0.078713738	0.075649932	0.079336616	0.083906328	0.085786088	0.08481467	0.082529668	0.083961709	0.085203237	0.084801989	0.083097418	0.079775831	0.078124709	0.07780011	0.076969729	0.076915867	0.07483283	0.073092131	0.091203097
20220624	0.080941551	0.078900605	0.075649932	0.079336616	0.085250366	0.085916733	0.08516448	0.082556107	0.084196483	0.085569168	0.085118287	0.082820691	0.079094804	0.077666859	0.077622064	0.076808851	0.076204311	0.073603203	0.071419412	0.086678842
20220623	0.080941551	0.079039763	0.075649932	0.079336616	0.084866355	0.086339932	0.085353089	0.082788846	0.08468944	0.08664084	0.085822393	0.083216543	0.079126314	0.07771975	0.077936417	0.076656558	0.074811222	0.071949022	0.069594339	0.086885041
20220622	0.081928643	0.079065323	0.075649932	0.080106874	0.085634376	0.086523996	0.085548922	0.085892567	0.08874154	0.091090195	0.090267695	0.087079442	0.082908563	0.081565101	0.081527805	0.080469639	0.078921226	0.074557039	0.071642959	0.093396404
20220621	0.081928643	0.079232865	0.074891538	0.079914309	0.08505836	0.08619004	0.085558101	0.086745816	0.088533789	0.092499217	0.090074002	0.086361112	0.081858816	0.080543349	0.080974216	0.079472091	0.077353942	0.071900345	0.067898297	0.08377117
20220620	0.081533806	0.079721893	0.075081136	0.079914309	0.08505836	0.086510997	0.08580275	0.087115826	0.088889665	0.091599919	0.089590261	0.085221533	0.080924774	0.07920108	0.078692925	0.077350661	0.074379718	0.068370301	0.062698603	0.085817168
20220617	0.081928643	0.079874687	0.075081136	0.079914309	0.08505836	0.086509382	0.085750387	0.087081109	0.088705421	0.091370702	0.089755354	0.085228742	0.080679202	0.07862433	0.077841075	0.075910836	0.073442196	0.066699146	0.06209707	0.078298355
20220616	0.081928643	0.080013844	0.075081136	0.079914309	0.08505836	0.086766036	0.086131661	0.087865295	0.089821942	0.09237407	0.091066242	0.087196962	0.082657324	0.080536711	0.079989974	0.078417402	0.075224896	0.068847359	0.06411186	0.079285803
20220615	0.082915735	0.080039404	0.075081136	0.079914309	0.084866355	0.08672654	0.086512915	0.088349058	0.090182838	0.093863655	0.092401088	0.088349608	0.084052023	0.082112171	0.081860922	0.080451304	0.076805302	0.071275841	0.067001687	0.083133005
20220614	0.082915735	0.080206947	0.075270736	0.081069696	0.08505836	0.086890297	0.08689123	0.088383704	0.091378155	0.094924682	0.093567706	0.08999423	0.085464042	0.083228739	0.082563779	0.081405357	0.077771075	0.071760322	0.066709869	0.085433621
20220613	0.082502855	0.080695974	0.075839531	0.081262261	0.08544237	0.087531212	0.08752087	0.089205055	0.09275402	0.096765538	0.095141053	0.092204049	0.087913396	0.08604954	0.085766901	0.084553755	0.080870326	0.073572215	0.067181381	0.091691289
20220610	0.082915735	0.080848769	0.075839531	0.081262261	0.08544237	0.08752977	0.087465531	0.091643523	0.094981155	0.098508337	0.097054895	0.094272595	0.090366089	0.088363354	0.088047295	0.087309579	0.083716582	0.077317921	0.072131841	0.089192861
20220609	0.082915735	0.080987926	0.075839531	0.081262261	0.08544237	0.087342398	0.08746352	0.091739307	0.095281952	0.098888699	0.097227514	0.094338188	0.090688237	0.088828415	0.0881847	0.08766278	0.084783091	0.078994585	0.074573795	0.089689932
20220608	0.082915735	0.081439471	0.077356323	0.081262261	0.08544237	0.087471236	0.087998601	0.092129125	0.095472722	0.099453741	0.09738674	0.094470113	0.090729589	0.088934456	0.088336965	0.087818663	0.085806461	0.082149438	0.07867713	0.097010553
20220607	0.084100246	0.081348025	0.078683514	0.081839956	0.085634376	0.088434724	0.088221211	0.092554182	0.096627602	0.099796689	0.097700647	0.094999928	0.091344213	0.089431443	0.08885396	0.088564492	0.086847941	0.083475327	0.081256008	0.097404483
20220606	0.083705408	0.081693921	0.078683514	0.081839956	0.085634376	0.087985545	0.0877285	0.092557787	0.097370417	0.100502815	0.098475799	0.09584989	0.092261968	0.090153435	0.089263683	0.088561968	0.087582161	0.082411313	0.079100561	0.103641863
20220603	0.084100246	0.081822851	0.078683514	0.081839956	0.085634376	0.087988372	0.087466706	0.093149303	0.098069194	0.101073917	0.098569212	0.095934029	0.092177281	0.090228516	0.08917907	0.088268679	0.087155339	0.0812975	0.076490945	0.097684397
20220602	0.084100246	0.081948936	0.078683514	0.082225084	0.086210391	0.088060098	0.087465758	0.092903633	0.097342967	0.100676464	0.098186666	0.09552037	0.092064354	0.090045791	0.088822482	0.087885242	0.085990239	0.080323399	0.075417641	0.096137575
20220601	0.085284756	0.081963702	0.078683514	0.082225084	0.086210391	0.088002025	0.08784064	0.092328233	0.097107768	0.099901635	0.098029087	0.095149609	0.09171908	0.089639094	0.087998636	0.08709396	0.085218421	0.079446049	0.074459608	0.092168307
20220531	0.085284756	0.082167051	0.078683514	0.082802779	0.086018387	0.08834898	0.087841513	0.092937508	0.097203872	0.10028935	0.0985987	0.09558623	0.091915099	0.089675152	0.088371756	0.087455055	0.08463243	0.078876248	0.07393109	0.091583136
20220530	0.084789295	0.082801587	0.078683514	0.082802779	0.086018387	0.088660266	0.088094203	0.092838085	0.09676462	0.100021013	0.098916138	0.095144629	0.091386515	0.089435053	0.088432879	0.087531551	0.085006373	0.078370396	0.073407596	0.091010264
20220527	0.085284756	0.082991748	0.078683514	0.082802779	0.086402396	0.088513065	0.088409212	0.093015898	0.097474488	0.10100026	0.099652306	0.096100788	0.092420272	0.090416161	0.089075538	0.088205354	0.085468683	0.078642915	0.073397895	0.088851177
20220526	0.085284756	0.083158725	0.078683514	0.082802779	0.086594402	0.089047969	0.088567495	0.093958947	0.099107244	0.102953016	0.101751697	0.097842576	0.093967218	0.091736509	0.090384423	0.089521886	0.086184891	0.079360632	0.074199588	0.092627316
20220525	0.086469267	0.083189408	0.078683514	0.082802779	0.086786407	0.089269529	0.088757088	0.094941068	0.099901194	0.103954585	0.102702885	0.098683012	0.094640996	0.092135499	0.090846812	0.089518154	0.08607762	0.079556062	0.074083373	0.092624411
20220524	0.086469267	0.08339046	0.079631508	0.084343296	0.086594402	0.089298373	0.08894672	0.094322133	0.098644107	0.102989244	0.102160706	0.09800726	0.093905381	0.091333807	0.08990323	0.089054965	0.085078872	0.078257472	0.072757625	0.09832523
20220523	0.085973806	0.083977304	0.079631508	0.084343296	0.086594402	0.089211706	0.088951196	0.094467732	0.098553694	0.102845423	0.102373081	0.09839691	0.09416068	0.091621001	0.090508789	0.089205125	0.085245474	0.077765991	0.07192965	0.094772199
20220520	0.086469267	0.084160646	0.079631508	0.082802779	0.086594402	0.089209322	0.089136371	0.095649435	0.100120214	0.104577992	0.103722474	0.099642508	0.095482254	0.092820631	0.091676824	0.090875472	0.086434296	0.079156616	0.07311725	0.089493687
20220519	0.086469267	0.084327623	0.079631508	0.083187908	0.086594402	0.089365291	0.089136371	0.095207071	0.099507024	0.103794071	0.102642519	0.098945831	0.095010932	0.092683628	0.091653067	0.091025196	0.087499266	0.079692586	0.073323166	0.092157748
20220518	0.086666684	0.08449082	0.079631508	0.082610214	0.086594402	0.089157557	0.089326059	0.095365951	0.099494035	0.103989291	0.102925756	0.099349593	0.095720096	0.093373037	0.092210091	0.091576089	0.088824008	0.080784765	0.074141019	0.090965869
20220517	0.086666684	0.084773499	0.081148299	0.081839956	0.086786407	0.089328102	0.089705341	0.094768801	0.098759171	0.10361436	0.102541916	0.099272753	0.095450458	0.092985835	0.091866151	0.090730789	0.08884053	0.081184001	0.074592466	0.091359665
20220516	0.086510547	0.085052593	0.081148299	0.081839956	0.086786407	0.089441593	0.089709837	0.095073299	0.098890986	0.104339546	0.103153481	0.099615251	0.095766298	0.093464971	0.092159448	0.091332723	0.08933928	0.081994365	0.075798439	0.095330321
20220513	0.086666684	0.085329543	0.082096293	0.083573036	0.086978413	0.089608927	0.090116978	0.095447176	0.099050889	0.103688232	0.102677267	0.099430139	0.095907008	0.093913199	0.092416285	0.091325746	0.089216191	0.082150329	0.076310656	0.090989524
20220512	0.086666684	0.085357383	0.082096293	0.083765601	0.086978413	0.089585679	0.090084036	0.095038513	0.099078894	0.103285657	0.101951045	0.098749535	0.095345043	0.093156471	0.091165632	0.090273635	0.089425958	0.08224226	0.076023351	0.088238507
20220511	0.086666684	0.085396561	0.082096293	0.083958166	0.086978413	0.089372099	0.090084036	0.095411078	0.099247058	0.102866237	0.101285346	0.098352982	0.095068926	0.092949964	0.091478544	0.090584681	0.088271059	0.080418599	0.073429876	0.09233372
20220510	0.086666684	0.085433479	0.082475491	0.084728424	0.087554429	0.089349985	0.089135783	0.095039493	0.098749258	0.102076024	0.100612906	0.097761024	0.094657228	0.092344158	0.090736257	0.089831146	0.087019029	0.079348422	0.072034033	0.092790496
20220509	0.086666684	0.085524359	0.083233886	0.084728424	0.087554429	0.089087543	0.089224027	0.094550689	0.09830369	0.101417188	0.099740797	0.097076715	0.094042786	0.091361418	0.089785592	0.088449733	0.086085394	0.077643903	0.069934673	0.08763243
20220506	0.086666684	0.085524359	0.083233886	0.083958166	0.087554429	0.089237993	0.089354583	0.094111721	0.098281656	0.101578947	0.100143179	0.097255956	0.094221256	0.09148298	0.089720488	0.088649175	0.086355044	0.079037224	0.0716802	0.087434663
20220505	0.086666684	0.085371001	0.082475491	0.083765601	0.087362424	0.089202669	0.091047423	0.094835048	0.099036772	0.102110714	0.100574162	0.097480413	0.094408523	0.091820277	0.090053615	0.088713976	0.087385596	0.079681548	0.072353411	0.0931009
20220504	0.086864103	0.085381424	0.082475491	0.083765601	0.087170418	0.089380406	0.09025823	0.095201191	0.099437697	0.102908434	0.101558005	0.098647935	0.095765713	0.093108397	0.091356018	0.090000326	0.088499995	0.080692342	0.07309836	0.091987656
20220503	0.086864103	0.085414172	0.082665089	0.084150731	0.087362424	0.089517646	0.090091963	0.095210377	0.099371414	0.103343177	0.102147481	0.099402971	0.096441005	0.093847824	0.092583706	0.091432196	0.090332344	0.082538749	0.074737858	0.096869205
20220502	0.086781523	0.085496073	0.082475491	0.084156468	0.087362424	0.08921334	0.090541246	0.095706967	0.099688912	0.104227122	0.102983408	0.099481135	0.096585431	0.094396901	0.093112918	0.091989336	0.091720366	0.084092343	0.076726588	0.099630641
20220429	0.086864103	0.085524359	0.082475491	0.084150731	0.087170418	0.089358177	0.089868309	0.096100109	0.099647296	0.105036025	0.103365632	0.099776943	0.097192277	0.094737589	0.093441111	0.092361993	0.091691694	0.084146657	0.077169404	0.097607533
20220428	0.086864103	0.085552199	0.082475491	0.083958166	0.086978413	0.090057338	0.0912168	0.095318129	0.098694883	0.10422803	0.102753124	0.098575184	0.095567492	0.093444768	0.092155372	0.090846027	0.089485455	0.081007121	0.073499911	0.092631679
20220427	0.086864103	0.085591377	0.082475491	0.08453586	0.087362424	0.090516516	0.091037258	0.095841526	0.09966588	0.104852391	0.102913588	0.099233677	0.096119006	0.093744362	0.092658784	0.091608433	0.089881862	0.081495117	0.074380517	0.093846119
20220426	0.086864103	0.086284436	0.083802682	0.083765601	0.087362424	0.090861203	0.090338547	0.095841613	0.098746395	0.104252258	0.102525456	0.098616985	0.095403509	0.093117041	0.09189278	0.090833452	0.087811605	0.079369966	0.072568333	0.091333981
20220425	0.086864103	0.085773141	0.083802682	0.083765601	0.085826381	0.09027438	0.090400165	0.096165604	0.099293892	0.104367344	0.102516086	0.098570013	0.095455195	0.093373078	0.0922948	0.091280499	0.088631477	0.079152462	0.072025891	0.088525039
20220422	0.086864103	0.085719176	0.083802682	0.083765601	0.085826381	0.089394847	0.089221751	0.096530085	0.099882251	0.104530149	0.102567393	0.098520124	0.095131061	0.092793259	0.092068574	0.090858239	0.087750451	0.07913963	0.072000885	0.083986571
20220421	0.086864103	0.085719176	0.082854688	0.083765601	0.085826381	0.089078351	0.088845712	0.095516066	0.099536747	0.103514997	0.101707466	0.097575453	0.094199691	0.091768531	0.09069573	0.089698523	0.086554776	0.078523232	0.07164483	0.081147054
20220420	0.084495082	0.084943516	0.082854688	0.084150731	0.085634376	0.088792563	0.088858476	0.095865672	0.099693394	0.104318486	0.102388303	0.097933618	0.094381544	0.091974413	0.090783808	0.089793818	0.087043686	0.078684973	0.070812073	0.084622561
20220419	0.084495082	0.084519614	0.082285892	0.084920989	0.086402396	0.088618864	0.088317081	0.096068893	0.099608004	0.104528626	0.102640183	0.098430561	0.094467207	0.091718938	0.090735989	0.089743743	0.087252733	0.077766024	0.069629231	0.083392439
20220418	0.084843446	0.084247651	0.082285892	0.084920989	0.08544237	0.088496353	0.088559472	0.095826705	0.098738903	0.1037	0.101877257	0.097746263	0.094031614	0.091238117	0.089746793	0.08877739	0.085867828	0.075899613	0.067732041	0.083049536
20220413	0.084495082	0.084160646	0.082285892	0.084920989	0.08544237	0.088286908	0.088278146	0.096383802	0.099505732	0.104470045	0.102524232	0.098195176	0.094318503	0.091483865	0.089807459	0.089114692	0.085520234	0.07562059	0.067791445	0.083131366
20220412	0.084495082	0.084076583	0.083992282	0.085498683	0.085826381	0.088154821	0.088293886	0.095948316	0.098926533	0.10405061	0.102063438	0.097718612	0.093804533	0.090767648	0.089270707	0.088339053	0.084504945	0.074842873	0.067609796	0.080651878
20220411	0.083902827	0.084040231	0.083992282	0.085883812	0.086978413	0.088269275	0.088859197	0.096138535	0.099485513	0.10493377	0.102490763	0.098464975	0.094695125	0.091622978	0.090426085	0.089498823	0.085691879	0.075954189	0.068454925	0.079892511
20220408	0.083902827	0.083907326	0.083233886	0.085306118	0.086978413	0.089272029	0.089044561	0.096577784	0.099381	0.105105083	0.102674903	0.098491695	0.09481771	0.091994117	0.090633719	0.089432795	0.085494067	0.075334005	0.067899792	0.079351005
20220407	0.083902827	0.083517693	0.083233886	0.085306118	0.086978413	0.089294123	0.089425209	0.096891485	0.099707005	0.105410971	0.103074078	0.098750694	0.094937038	0.092032755	0.090800283	0.089797275	0.086189799	0.075414886	0.067042738	0.080558288
20220406	0.083902827	0.083381381	0.083233886	0.085691247	0.086978413	0.089365253	0.089600598	0.097629564	0.1002563	0.105972937	0.103689259	0.099340766	0.095307536	0.092514772	0.091027253	0.090123858	0.087083532	0.076548409	0.068186804	0.079982156
20220405	0.083902827	0.083284265	0.083044287	0.085883812	0.086978413	0.089337678	0.089597867	0.098185261	0.101257035	0.106712184	0.104383053	0.09996985	0.096210919	0.09377526	0.092419892	0.091291751	0.088195707	0.077684371	0.069024743	0.081206552
20220404	0.083113154	0.083290129	0.083044287	0.085883812	0.087746434	0.089381847	0.089761535	0.098574064	0.101880221	0.10674978	0.104418239	0.100331187	0.09666242	0.093810092	0.092326326	0.091445829	0.08854368	0.078499243	0.069502583	0.081787097
20220401	0.083113154	0.083187694	0.082285892	0.085883812	0.087942337	0.08935487	0.089949896	0.099085229	0.102410001	0.107315823	0.104999768	0.100766421	0.097143608	0.094593191	0.093122874	0.091932455	0.089040523	0.078660454	0.069746201	0.084273247
20220331	0.083452496	0.08289588	0.082285892	0.085883812	0.088130445	0.089179748	0.08970428	0.09901963	0.101164121	0.106226798	0.104472768	0.100123682	0.096370094	0.093892922	0.092584356	0.091463028	0.087791874	0.078002266	0.06904532	0.083221485
20220330	0.083113154	0.082796932	0.082285892	0.085883812	0.088130445	0.08934039	0.089573534	0.098645665	0.101714348	0.106449124	0.104745989	0.10082897	0.096818603	0.094568535	0.093381266	0.092496163	0.088749829	0.079055866	0.070453075	0.085026201
20220329	0.083113154	0.082699231	0.082285892	0.086076376	0.08832245	0.089254261	0.089141189	0.098623547	0.102321536	0.106624266	0.105009334	0.101323111	0.097422386	0.095176943	0.093974684	0.092825323	0.089903286	0.080990231	0.073809551	0.086725766
20220328	0.082915735	0.08260457	0.082285892	0.086076376	0.088514456	0.089076158	0.089141263	0.098964511	0.103130455	0.107175401	0.105587192	0.101979145	0.098188354	0.09583282	0.094496776	0.093331831	0.090935212	0.082125636	0.075373888	0.086403782
20220325	0.082915735	0.082113653	0.080958699	0.086268941	0.08832245	0.08950159	0.089900037	0.099170181	0.103601246	0.107793347	0.106085126	0.102702327	0.09863748	0.096119985	0.094802185	0.093852291	0.092216196	0.082459738	0.075111801	0.093256788
20220324	0.082915735	0.08184728	0.080958699	0.086268941	0.088706461	0.089416634	0.090123635	0.098735482	0.103300564	0.107991551	0.106313132	0.102834126	0.098735072	0.096053537	0.094745862	0.09360122	0.092921848	0.082752729	0.074332411	0.092463142
20220323	0.082915735	0.081822851	0.080958699	0.086268941	0.08832245	0.089408288	0.090468325	0.098933593	0.103256708	0.108106882	0.106764964	0.103450971	0.099104158	0.095993022	0.094850089	0.093991484	0.093132582	0.082030713	0.073632963	0.089442381
20220322	0.082915735	0.081822851	0.080958699	0.086461506	0.08832245	0.08960237	0.090467491	0.098861134	0.103299517	0.108490612	0.106871857	0.103283561	0.098912749	0.096391916	0.094874485	0.093720495	0.092450518	0.081378455	0.071550912	0.089207281
20220318	0.082915735	0.081822851	0.080958699	0.085498683	0.088706461	0.089542452	0.090845198	0.099109533	0.103683446	0.108970151	0.107276715	0.103607159	0.099850508	0.096917763	0.09544159	0.094305214	0.09288059	0.081808699	0.073415007	0.084922815
20220317	0.083705408	0.082602116	0.080389904	0.085883812	0.087938439	0.089726843	0.090844838	0.098806226	0.103502312	0.107820853	0.106403423	0.102634646	0.098966213	0.0958096	0.094708476	0.093821166	0.091510868	0.080409319	0.071674109	0.082826562
20220316	0.083705408	0.082602116	0.080389904	0.085883812	0.087938439	0.089642021	0.091234798	0.098506294	0.103508691	0.108503641	0.106977664	0.102989345	0.099521272	0.096626771	0.095501521	0.094452858	0.091099028	0.079479395	0.07042852	0.08361815
20220315	0.083705408	0.082602116	0.080389904	0.085498683	0.087938439	0.089608927	0.091448231	0.099383095	0.104647818	0.109628326	0.107880177	0.103833666	0.10013398	0.097022514	0.095713239	0.094916908	0.092061426	0.080664931	0.072691705	0.084176451
20220314	0.083705408	0.082602116	0.080389904	0.084920989	0.08832245	0.089578065	0.091790892	0.099932353	0.105277858	0.110303685	0.108984851	0.104723696	0.101241262	0.098189289	0.096837807	0.096213843	0.092756407	0.081264825	0.073339915	0.085173693
20220311	0.083705408	0.082602116	0.080389904	0.084920989	0.08832245	0.089736073	0.091790892	0.099821819	0.104511111	0.109717782	0.108252115	0.103858476	0.100850313	0.0980046	0.096356386	0.095454016	0.092448432	0.080687099	0.072726766	0.086425182
20220310	0.083705408	0.082602116	0.081527497	0.085691247	0.088514456	0.089701209	0.09141159	0.099169271	0.104117498	0.109209721	0.10749251	0.103237111	0.100224494	0.097260927	0.095807226	0.095122883	0.0919289	0.080141067	0.071857025	0.085326738
20220309	0.083705408	0.082602116	0.080389904	0.085498683	0.088514456	0.08962835	0.09141159	0.099872808	0.104873988	0.109856374	0.108715851	0.104567254	0.100919881	0.09811426	0.096433592	0.095775639	0.092492649	0.081037598	0.072448295	0.086272672
20220308	0.083705408	0.082602116	0.080389904	0.085306118	0.088514456	0.08959714	0.091450316	0.100910974	0.105853295	0.111076744	0.10993137	0.105444649	0.101787257	0.098947983	0.097092276	0.096220509	0.093138327	0.081576872	0.073398843	0.085454246
20220307	0.083705408	0.082602116	0.080389904	0.085498683	0.088514456	0.089883735	0.091629746	0.101995895	0.1068998	0.112256795	0.111099928	0.106658101	0.102991603	0.099791111	0.097944851	0.096883087	0.094477506	0.08289705	0.073304241	0.085617457
20220304	0.083705408	0.082602116	0.080389904	0.085498683	0.088514456	0.089998265	0.091631794	0.102377856	0.1071129	0.111566668	0.111131498	0.106610274	0.102695377	0.099309499	0.097704746	0.096894907	0.092774303	0.08128448	0.072404422	0.086561647
20220303	0.083705408	0.082212483	0.081717096	0.085113553	0.08832245	0.090088758	0.091818864	0.10240916	0.107023649	0.111865327	0.110944656	0.106508586	0.102421704	0.099016489	0.098159013	0.097235843	0.093009639	0.081244313	0.073129516	0.087357927
20220302	0.083424541	0.082227249	0.081717096	0.084920989	0.08832245	0.089831758	0.091440834	0.10205894	0.106904724	0.111423553	0.11035463	0.106090725	0.102378631	0.098622349	0.097722929	0.096820764	0.092743179	0.081659305	0.073893475	0.092628445
20220301	0.083705408	0.082315113	0.082096293	0.084920989	0.08832245	0.089774377	0.091628267	0.100615086	0.105518146	0.109795346	0.10843665	0.10415287	0.100598834	0.097156395	0.096110563	0.095195239	0.091120482	0.081317737	0.074164915	0.09004553
20220228	0.083902827	0.082329781	0.082096293	0.084150731	0.088130445	0.08931691	0.091623885	0.100925043	0.105763913	0.110297823	0.10912946	0.10484258	0.101158204	0.097743246	0.096881292	0.096152668	0.092738931	0.083472565	0.077257747	0.093931608
20220225	0.083804118	0.082364031	0.081148299	0.084343296	0.088130445	0.089113848	0.091516239	0.10083136	0.105779747	0.110500133	0.109180373	0.104907345	0.100876718	0.097429264	0.096379932	0.095865672	0.092515698	0.084198671	0.078404366	0.092830547
20220224	0.083902827	0.08236631	0.081148299	0.084343296	0.088130445	0.089044064	0.092008648	0.101211869	0.107463672	0.111683984	0.110518611	0.106300279	0.10241317	0.098948326	0.09788241	0.09719703	0.09508027	0.086624617	0.080658758	0.093421191
20220223	0.083902827	0.082602116	0.081148299	0.084343296	0.088130445	0.08901074	0.092200063	0.101573829	0.107952131	0.111898263	0.110620746	0.106781964	0.102471428	0.099614025	0.098501666	0.097781012	0.095828488	0.087184989	0.080859977	0.096260308
20220222	0.083902827	0.082646612	0.081148299	0.083958166	0.088130445	0.089757147	0.092381672	0.101573041	0.107881545	0.112039638	0.110544777	0.107206996	0.102667974	0.099801566	0.098898703	0.098420064	0.096528516	0.087963312	0.081289816	0.099372775
20220221	0.083902827	0.082796932	0.080769102	0.083765601	0.08832245	0.090587973	0.09238135	0.10191509	0.108063219	0.112607773	0.111816626	0.108275618	0.103268352	0.100086846	0.099608824	0.098790426	0.09760994	0.089595745	0.082697018	0.098669553
20220218	0.083902827	0.082796932	0.080769102	0.083765601	0.088130445	0.090810996	0.092595162	0.103317212	0.10889131	0.113486703	0.11259521	0.108303372	0.103319373	0.10009623	0.099431886	0.098866791	0.098220436	0.090262573	0.083411711	0.097020047
20220217	0.083902827	0.082796932	0.080769102	0.083765601	0.087938439	0.090762691	0.092449738	0.104054449	0.109439346	0.114045653	0.113238541	0.108760995	0.10423465	0.100671732	0.100350127	0.100065089	0.098535482	0.090202096	0.082992435	0.099453646
20220216	0.083902827	0.082796932	0.080769102	0.084150731	0.08832245	0.091098589	0.092860047	0.104679579	0.110565075	0.114693735	0.113726825	0.109034362	0.104308154	0.100738947	0.100232232	0.099876907	0.09826563	0.09001968	0.084070034	0.09818929
20220215	0.083902827	0.082796932	0.080769102	0.084728424	0.088898466	0.091048959	0.093497937	0.105426634	0.112398891	0.116050806	0.115058478	0.110055388	0.105015391	0.101731248	0.100913002	0.100505569	0.100032938	0.091763798	0.085556148	0.097615823
20220214	0.083902827	0.082796932	0.081527497	0.085113553	0.08832245	0.091438585	0.092576823	0.105982891	0.113077221	0.116883847	0.115557426	0.110434224	0.105850891	0.102707632	0.101728659	0.101080173	0.099732996	0.091763429	0.085649558	0.103051019
20220211	0.083902827	0.082796932	0.081527497	0.085113553	0.088130445	0.091204986	0.092450439	0.106027353	0.11406976	0.117442059	0.116046962	0.110655738	0.106700947	0.103693722	0.102511461	0.10168187	0.099971956	0.091556451	0.085460846	0.103053366
20220210	0.083902827	0.082796932	0.081527497	0.085113553	0.088130445	0.091135644	0.092206681	0.106323383	0.113946796	0.11796861	0.116737704	0.111664639	0.107478498	0.104486269	0.103281408	0.102482403	0.100416883	0.092035829	0.085578243	0.106113172
20220209	0.084889919	0.083771013	0.081527497	0.084920989	0.088130445	0.091029806	0.092389751	0.106010101	0.113752524	0.1177629	0.11661109	0.111684458	0.10727641	0.104282311	0.102870264	0.102241686	0.099990953	0.090823702	0.083428609	0.108974347
20220208	0.083902827	0.083771013	0.081527497	0.084343296	0.08832245	0.090954792	0.092389675	0.106215682	0.11387158	0.117691243	0.117431752	0.111903145	0.107635872	0.104350276	0.102800091	0.102479167	0.100145527	0.090602952	0.083210538	0.108739913
20220204	0.083902827	0.084549149	0.082475491	0.084343296	0.08832245	0.090881662	0.092580976	0.105418515	0.112585571	0.117557158	0.116524385	0.110884576	0.10697172	0.104074713	0.10235973	0.101393719	0.099041194	0.089300606	0.081878393	0.104048264
20220203	0.083902827	0.083972648	0.082665089	0.08453586	0.088514456	0.090736654	0.092819044	0.105740388	0.113017562	0.118257085	0.117305656	0.111417105	0.107540072	0.104851217	0.103104956	0.10238637	0.099829718	0.090202735	0.082860241	0.105533253
20220202	0.083902827	0.083771013	0.082705437	0.084150731	0.088706461	0.090987041	0.092952805	0.104982922	0.112272523	0.117767761	0.116978694	0.111249084	0.107167566	0.1045095	0.102761016	0.102041435	0.099529267	0.090332146	0.083824106	0.101223278
20220201	0.083902827	0.083631857	0.082475491	0.08453586	0.089666488	0.091062804	0.09407933	0.104863552	0.112143096	0.117425352	0.116921929	0.111808856	0.107829369	0.104962398	0.103172008	0.102405834	0.100258158	0.090610073	0.084132999	0.101767551
20220131	0.082915735	0.083354496	0.081527497	0.08453586	0.090818519	0.092420725	0.092360184	0.104824847	0.112013947	0.117759654	0.117764425	0.112166257	0.108045588	0.105595347	0.104021681	0.10344752	0.101338206	0.091892596	0.084674344	0.105346427
20220128	0.08350799	0.082994028	0.083044287	0.084728424	0.090050498	0.092137611	0.092363201	0.103736881	0.110603829	0.116690598	0.116409377	0.111254587	0.107509365	0.104690205	0.10325664	0.102580231	0.100933793	0.09188921	0.084701714	0.102464688
20220127	0.082915735	0.0824073	0.081148299	0.084728424	0.089090472	0.092057291	0.091980599	0.102344733	0.109831422	0.116071067	0.115648393	0.110695629	0.106751692	0.10396706	0.102511109	0.101839699	0.100761897	0.091880006	0.085107239	0.108168474
20220126	0.082915735	0.081822851	0.080389904	0.083187908	0.086786407	0.090855011	0.090653178	0.101583015	0.109336845	0.115734549	0.1155443	0.110538486	0.106269793	0.102892479	0.101631589	0.100989377	0.100675091	0.09144943	0.084618048	0.104689169
20220125	0.082915735	0.081822851	0.080389904	0.083187908	0.086786407	0.089904234	0.089705096	0.101847986	0.108925402	0.115475533	0.115132042	0.110123171	0.105776848	0.103124784	0.101379754	0.100222402	0.100161651	0.090730069	0.082561834	0.102123872
20220124	0.082915735	0.082166291	0.080200304	0.081839956	0.086210391	0.088998722	0.089705038	0.103215847	0.110330449	0.11681322	0.116249884	0.111043007	0.107052575	0.103702014	0.102004718	0.101220219	0.09987614	0.090222475	0.081718478	0.101316044
20220121	0.083113154	0.082025051	0.080200304	0.081839956	0.086210391	0.088872962	0.08970758	0.103656391	0.110926447	0.117207734	0.11698193	0.112257399	0.107993695	0.104633018	0.102738223	0.101956893	0.100000251	0.090745707	0.081862596	0.101671956
20220120	0.082915735	0.082017667	0.080200304	0.082417649	0.086210391	0.088839753	0.089733087	0.10434397	0.111654653	0.11759714	0.117546268	0.112780835	0.108010235	0.104301412	0.102972868	0.102047372	0.100220085	0.090694833	0.082255728	0.094844995
20220119	0.082915735	0.0823238	0.081148299	0.081839956	0.086210391	0.08880537	0.090084036	0.104783184	0.112262038	0.118291328	0.117877339	0.113215469	0.108892731	0.105583892	0.103840485	0.102944187	0.100873917	0.090438769	0.081608344	0.10170116
20220118	0.082915735	0.082206229	0.081148299	0.082225084	0.086402396	0.088955282	0.089894385	0.104845371	0.112551432	0.1190101	0.119054295	0.114733809	0.110279204	0.106492676	0.105166702	0.104565118	0.101989141	0.091503881	0.082756763	0.103406152
20220117	0.082915735	0.081822851	0.079631508	0.082417649	0.085826381	0.089507858	0.089325434	0.104749274	0.112696808	0.119862571	0.119222638	0.115064653	0.110718364	0.10737596	0.106052893	0.105252892	0.102059438	0.091113874	0.08202992	0.105268406
20220114	0.082915735	0.081822851	0.079631508	0.082417649	0.086210391	0.089857333	0.089325434	0.104249254	0.112035867	0.119654013	0.119309426	0.115112147	0.110953487	0.107383949	0.106230728	0.105535204	0.102001611	0.09107904	0.081995111	0.105238486
20220113	0.082915735	0.081822851	0.07925231	0.082610214	0.086210391	0.08941025	0.089360746	0.102920938	0.111285496	0.11919392	0.119007744	0.115207621	0.111083345	0.107971831	0.106574077	0.106154923	0.103317642	0.092670091	0.084059041	0.102700312
20220112	0.082915735	0.081822851	0.07925231	0.082225084	0.086402396	0.08938504	0.089922397	0.100641578	0.109302754	0.116717749	0.116725985	0.112900584	0.109049762	0.106202569	0.104767145	0.103779516	0.101141214	0.090025089	0.079969152	0.099657254
20220111	0.083113154	0.081889867	0.07925231	0.082225084	0.086402396	0.089356484	0.08973123	0.099891793	0.108370347	0.115863632	0.115695859	0.112115514	0.107851472	0.10519897	0.103617722	0.102733314	0.099149504	0.088679359	0.079371758	0.096184945
20220110	0.083113154	0.082549865	0.081148299	0.082225084	0.087170418	0.089447228	0.089354052	0.099437706	0.107252355	0.115281407	0.114577847	0.110260039	0.106988156	0.104552964	0.102972707	0.102047043	0.098482965	0.088460932	0.078772599	0.097601815
20220107	0.083113154	0.082022771	0.080579502	0.08203252	0.087170418	0.089323084	0.089410283	0.099012123	0.106330581	0.114203582	0.113672141	0.109898181	0.106226527	0.104274842	0.102658086	0.101599587	0.097400496	0.086856238	0.077138211	0.095498627
20220106	0.082915735	0.082017667	0.080579502	0.08203252	0.087170418	0.08930247	0.089353369	0.099089201	0.106841893	0.113907984	0.11386326	0.110308438	0.106360525	0.104001359	0.102744647	0.102155901	0.097559098	0.086004602	0.077110058	0.097920716
20220105	0.082915735	0.081475239	0.078493915	0.08203252	0.087362424	0.089332505	0.089356707	0.098881467	0.106592199	0.113322482	0.113454293	0.109999946	0.106725654	0.104818375	0.103321992	0.102661421	0.098435833	0.086892859	0.078015753	0.094449127
20220104	0.082915735	0.081548334	0.078493915	0.08203252	0.087362424	0.089141923	0.089159983	0.097041302	0.105173051	0.112069591	0.111878779	0.10867128	0.104964897	0.103052732	0.101782976	0.101121991	0.0971953	0.085898088	0.076142373	0.096395849
20220103	0.082915735	0.078211073	0.075474383	0.082225084	0.086978413	0.089246588	0.089157593	0.09650963	0.104475418	0.111972736	0.111475454	0.108284217	0.105041738	0.102887048	0.101640619	0.100804189	0.096436093	0.085511775	0.076572521	0.094473085
20211231	0.080510607	0.078787573	0.074701939	0.082225084	0.086978413	0.089232686	0.089386881	0.09693208	0.104819269	0.112390709	0.112587852	0.109256729	0.105786552	0.10385872	0.102406489	0.101711448	0.097399426	0.08680165	0.077917145	0.096316988
20211230	0.082915735	0.078900605	0.074701939	0.082610214	0.086978413	0.089545451	0.089535566	0.097026288	0.105102023	0.112177769	0.112735978	0.109445064	0.105937561	0.103563119	0.102132978	0.101606234	0.097568242	0.086218117	0.077344838	0.095673558
20211229	0.082915735	0.07915449	0.074701939	0.082225084	0.087554429	0.089886716	0.089919286	0.098424212	0.106053782	0.112701012	0.113013349	0.109974637	0.106197563	0.103636224	0.102548523	0.102061486	0.098275502	0.086747712	0.077084148	0.097791651
20211228	0.082915735	0.078760882	0.074701939	0.082225084	0.087746434	0.090001841	0.090111005	0.099504846	0.106357916	0.112778977	0.114285171	0.110307241	0.106536528	0.104147734	0.102742308	0.102236699	0.097988731	0.086856345	0.076801044	0.09745369
20211227	0.082915735	0.078885273	0.078683514	0.08203252	0.08832245	0.089969286	0.090115195	0.100196641	0.107959803	0.113518486	0.114782669	0.110774507	0.107011212	0.104148275	0.10279552	0.102302114	0.096805855	0.085258092	0.074894992	0.097392082
20211224	0.081843575	0.079307498	0.075839531	0.082417649	0.088514456	0.090024013	0.090373026	0.101031833	0.108771452	0.114132017	0.115369121	0.111955021	0.107928233	0.105060199	0.103698842	0.102675251	0.097781035	0.087042469	0.07668803	0.097538402
20211223	0.082915735	0.079485054	0.075839531	0.083765601	0.088898466	0.090439522	0.090876567	0.102096001	0.110017121	0.114685229	0.115391828	0.112287305	0.10849139	0.105856138	0.103947556	0.102582382	0.097571292	0.086929032	0.075798285	0.103612181
20211222	0.082915735	0.079696333	0.075839531	0.083765601	0.089282477	0.090705695	0.091253801	0.101484398	0.108907046	0.113668492	0.113954086	0.111577726	0.107547584	0.105187099	0.103227003	0.10212793	0.097242536	0.085737495	0.074977697	0.099878541
20211221	0.082915735	0.079625907	0.076597927	0.083765601	0.089474483	0.090674793	0.091444438	0.102056981	0.109214223	0.11414074	0.115232279	0.112569357	0.108055556	0.105913471	0.10435495	0.103255154	0.099462588	0.087114489	0.076010402	0.104058608
20211220	0.082172533	0.080463793	0.076787525	0.083765601	0.088514456	0.09015285	0.090985313	0.101944224	0.108548539	0.112742211	0.113710928	0.110202138	0.106484371	0.104359567	0.102987691	0.102121931	0.0981363	0.085758543	0.076235918	0.101617982
20211217	0.082915735	0.080653952	0.076787525	0.083765601	0.087938439	0.090038589	0.090309816	0.10074324	0.107150459	0.111149325	0.111380745	0.107996713	0.10364478	0.101120615	0.10046934	0.099912423	0.096068524	0.084803585	0.077151173	0.095059275
20211216	0.082915735	0.08082093	0.076597927	0.083765601	0.087746434	0.090101257	0.089740655	0.100252758	0.105916209	0.109460629	0.109530379	0.105631419	0.102455576	0.099950813	0.099258841	0.098377632	0.095158623	0.085426922	0.078100265	0.098109864
20211215	0.084100246	0.080851613	0.076597927	0.082225084	0.087362424	0.089286221	0.089361259	0.099500314	0.105062306	0.108252889	0.108097181	0.103634491	0.100731811	0.098447239	0.098140153	0.099009093	0.093605429	0.082716007	0.075275544	0.101634385
20211214	0.084100246	0.080931117	0.076787525	0.082802779	0.087362424	0.089261145	0.08917449	0.099484722	0.105138664	0.108514072	0.108291464	0.103981958	0.100676488	0.098143765	0.098050921	0.097195004	0.094578316	0.084288839	0.07693568	0.096390453
20211213	0.083604785	0.081639508	0.076787525	0.081454826	0.087362424	0.089186112	0.089247241	0.098978738	0.104871517	0.107737274	0.107265095	0.103600332	0.099381813	0.09689497	0.096988575	0.097561919	0.093298371	0.083995431	0.076604528	0.089087384
20211210	0.084100246	0.081822851	0.076787525	0.082610214	0.087170418	0.089014029	0.089178454	0.099047153	0.105162139	0.10836568	0.108330715	0.104162663	0.100372015	0.097412234	0.097646486	0.098104022	0.094304351	0.084617209	0.076063049	0.090796084
20211209	0.084100246	0.081989827	0.076787525	0.082802779	0.086786407	0.089163903	0.088946986	0.098558858	0.104965807	0.107924555	0.108361244	0.104642551	0.099464687	0.096550193	0.096602465	0.096697162	0.093807055	0.083448828	0.075613067	0.087884744
20211208	0.085284756	0.082020511	0.076787525	0.082802779	0.086786407	0.089139405	0.08875743	0.09807023	0.104246304	0.108667155	0.108645453	0.105345011	0.099887558	0.096677998	0.096258209	0.096223772	0.093389811	0.082586017	0.07278672	0.088861876
20211207	0.085284756	0.08222156	0.07925231	0.083380471	0.086018387	0.08918094	0.089136712	0.099777269	0.106171954	0.111547377	0.110759207	0.108504291	0.103645296	0.100359653	0.099776495	0.099546335	0.095234183	0.084038225	0.076039627	0.089155005
20211206	0.084789295	0.082808406	0.077356323	0.08453586	0.086210391	0.089259664	0.089144981	0.102099448	0.108562017	0.113367311	0.112606929	0.10964727	0.105237803	0.102170602	0.101227889	0.100923189	0.096556193	0.085439696	0.075939996	0.098413956
20211203	0.085284756	0.082991748	0.077356323	0.084728424	0.08544237	0.089232359	0.089136788	0.102492503	0.108329435	0.113106064	0.11239769	0.109423896	0.104331095	0.101792337	0.10048086	0.100025183	0.095236843	0.084487116	0.075749397	0.097987169
20211202	0.085284756	0.083158725	0.077356323	0.084728424	0.085826381	0.089008048	0.088946986	0.101102524	0.106322565	0.111780486	0.111213051	0.107010382	0.102439712	0.099701299	0.098377242	0.097861091	0.093105216	0.08244871	0.073573852	0.09693483
20211201	0.085482173	0.083303005	0.078304316	0.083958166	0.085826381	0.088974088	0.08951588	0.100631026	0.10554674	0.11116294	0.110186793	0.105825524	0.101750129	0.098478855	0.097203223	0.096725915	0.092407443	0.082814725	0.07506109	0.087460217
20211130	0.085482173	0.083385919	0.081717096	0.086654071	0.086786407	0.089468841	0.089515729	0.099674575	0.1050042	0.10952521	0.109010737	0.10442826	0.099955843	0.096965848	0.096402677	0.096170293	0.091284518	0.082012611	0.074634692	0.088788068
20211129	0.085234434	0.083679333	0.079631508	0.086076376	0.087362424	0.089813778	0.089709343	0.098589322	0.103828643	0.108402217	0.107821033	0.103256508	0.098818255	0.095842444	0.095257779	0.095105508	0.090864132	0.081946306	0.074910306	0.084683685
20211126	0.085482173	0.083771013	0.079631508	0.086268941	0.087554429	0.089993516	0.0899238	0.097173377	0.102696502	0.107021057	0.106641952	0.1019437	0.098437091	0.095010707	0.094223685	0.094034385	0.08995384	0.08179719	0.075505619	0.093665291
20211125	0.085482173	0.083793164	0.081527497	0.086461506	0.087554429	0.089981227	0.090084036	0.096601091	0.101939307	0.107082052	0.106923164	0.102211511	0.098681951	0.094782771	0.094315971	0.094224006	0.091292268	0.083874104	0.078107662	0.089922694
20211124	0.085679593	0.083941788	0.079631508	0.086461506	0.087746434	0.09016906	0.090273687	0.095714351	0.100825962	0.106953599	0.107430004	0.102469885	0.098911729	0.094958961	0.094861562	0.094943394	0.09235121	0.0841375	0.077581639	0.094038605
20211123	0.085679593	0.082934374	0.078873113	0.0870392	0.08832245	0.0901396	0.089894385	0.094922502	0.099989856	0.106624819	0.106621102	0.101638736	0.098385508	0.094443248	0.094358807	0.094545976	0.091572168	0.083034703	0.074030649	0.096467085
20211122	0.085679593	0.083423404	0.078873113	0.0870392	0.088130445	0.090144197	0.089894385	0.094970359	0.10011552	0.106491074	0.106865765	0.1011745	0.097919645	0.094715232	0.094098679	0.094003109	0.090341482	0.080786065	0.072145676	0.093910237
20211119	0.085679593	0.083576197	0.078873113	0.087424328	0.087938439	0.090097084	0.089918945	0.095324708	0.101106752	0.107684893	0.107767362	0.102539324	0.098558047	0.095608432	0.094479175	0.09407398	0.090027164	0.080497114	0.071881842	0.09364024
20211118	0.085679593	0.083715354	0.078873113	0.087231765	0.088130445	0.090097489	0.089921487	0.095102118	0.101765288	0.1080691	0.109067516	0.102226592	0.098926033	0.095514625	0.094539603	0.094146024	0.08921808	0.079196474	0.071332728	0.092971543
20211117	0.085877011	0.083846933	0.078873113	0.087424328	0.088898466	0.090302609	0.090294018	0.09384983	0.101410591	0.106851206	0.10629473	0.100743546	0.096336841	0.0934286	0.091703825	0.090888484	0.086553444	0.076905606	0.068513103	0.092894136
20211116	0.085877011	0.084545174	0.080958699	0.088002022	0.089858494	0.090689446	0.09048234	0.093462987	0.101301416	0.106622343	0.106284419	0.100683315	0.097210446	0.094292035	0.092725416	0.091769746	0.085597103	0.07616391	0.068195888	0.088253414
20211112	0.086042172	0.085198121	0.08437148	0.088194587	0.090242504	0.091045998	0.090712253	0.093289286	0.101466813	0.106304271	0.105882162	0.100286583	0.096562925	0.094638019	0.092694873	0.091607205	0.085195867	0.0759302	0.0668723	0.092683156
20211111	0.085877011	0.085134727	0.08437148	0.088194587	0.090242504	0.090973022	0.090675386	0.094041642	0.101797351	0.106215967	0.106228581	0.100879101	0.097135831	0.095222239	0.09325563	0.092267462	0.086035555	0.076715703	0.068399944	0.08657456
20211110	0.085877011	0.085079067	0.08437148	0.088194587	0.090242504	0.09127125	0.090463659	0.093602777	0.101077062	0.106479275	0.105982131	0.101350354	0.097362258	0.095205844	0.093547542	0.09287338	0.086158449	0.076317267	0.067308363	0.08729533
20211109	0.085877011	0.085000694	0.08437148	0.088194587	0.090434508	0.091712758	0.090653272	0.093972596	0.101487786	0.106689538	0.106822181	0.102184675	0.098122133	0.096595863	0.095486984	0.094923156	0.088387938	0.079986074	0.069485924	0.092443835
20211108	0.085877011	0.081684824	0.083044287	0.088194587	0.090434508	0.091920146	0.091032441	0.093993715	0.101584578	0.10581867	0.105998846	0.100904446	0.097397955	0.095408583	0.093987722	0.093146413	0.086545125	0.07802815	0.066129495	0.089510102
20211105	0.085877011	0.0809175	0.083044287	0.088194587	0.090434508	0.091852766	0.091981035	0.093839821	0.101508463	0.105961523	0.106429125	0.101323696	0.097545729	0.095574349	0.093977891	0.093052309	0.086466637	0.076102747	0.064017657	0.088575331
20211104	0.085877011	0.080848769	0.083044287	0.088194587	0.090434508	0.091829326	0.09198058	0.094255431	0.101475075	0.105937677	0.106353691	0.101331007	0.097534707	0.095583307	0.093970228	0.093139854	0.086979037	0.075880386	0.063834568	0.0883594
20211103	0.085877011	0.080996439	0.083044287	0.090505362	0.092354562	0.094017265	0.090352296	0.094205772	0.10149868	0.10574732	0.104641784	0.099906422	0.096354494	0.094925016	0.093308001	0.092362562	0.086235091	0.074318922	0.063004868	0.089033661
20211101	0.085877011	0.081621215	0.083044287	0.088772281	0.092354562	0.093998881	0.090344502	0.094247188	0.101555558	0.105346299	0.104892933	0.099929196	0.096788114	0.095574215	0.093826733	0.092707382	0.085907472	0.073913275	0.063638336	0.086101145
20211029	0.085877011	0.084745094	0.082475491	0.087616893	0.091970552	0.093614197	0.090671081	0.093541395	0.100520437	0.104592745	0.104385727	0.099804301	0.096735832	0.09504353	0.093295622	0.092269284	0.085359805	0.073240131	0.062355623	0.082355143
20211028	0.084889919	0.083771013	0.081527497	0.084728424	0.090242504	0.092944264	0.086927568	0.094123042	0.101142659	0.104491675	0.103991405	0.099341276	0.097210974	0.094852744	0.092902478	0.091750921	0.08547702	0.073662749	0.062056927	0.083638958
20211027	0.084889919	0.083771013	0.081527497	0.084728424	0.090242504	0.092801563	0.091579051	0.095448908	0.102074803	0.107132681	0.10671294	0.103204644	0.099120768	0.098091435	0.09648959	0.095482919	0.089149854	0.077169257	0.066939904	0.093336
20211026	0.084889919	0.083270063	0.07925231	0.085113553	0.090242504	0.092243027	0.091745982	0.096672692	0.104421223	0.111194891	0.110066242	0.106208843	0.10196926	0.101933375	0.10017671	0.099148703	0.092056598	0.081592388	0.07103487	0.093335152
20211025	0.084889919	0.083387634	0.07925231	0.084920989	0.089282477	0.091658857	0.091832481	0.096166531	0.103097214	0.108210706	0.107661682	0.102861675	0.099623496	0.098374677	0.096796746	0.095711006	0.088316577	0.078298496	0.069483647	0.094844282
20211022	0.084889919	0.082514643	0.07925231	0.084150731	0.089090472	0.091162854	0.090051397	0.094913404	0.102236571	0.10587179	0.105696123	0.100227065	0.097116228	0.09491637	0.093999023	0.093297595	0.087003443	0.077733844	0.069579849	0.090115371
20211021	0.084559618	0.082874059	0.07925231	0.083958166	0.089090472	0.0906302	0.088044249	0.095745532	0.10278477	0.106781979	0.106264202	0.101911501	0.096987345	0.094936637	0.093717695	0.092921569	0.087726038	0.078532762	0.070011305	0.095075063
20211020	0.084889919	0.082991748	0.078683514	0.0870392	0.089090472	0.090589857	0.089787328	0.09509022	0.101999244	0.106232259	0.105683588	0.101139908	0.096218845	0.094438317	0.093055784	0.092306018	0.086562845	0.077667266	0.068369321	0.101712057
20211019	0.084692501	0.083088864	0.078873113	0.087231765	0.089282477	0.090590127	0.089626276	0.095658183	0.101941516	0.106035979	0.106453787	0.101360632	0.096135063	0.094836214	0.09330486	0.092398016	0.087236449	0.078448994	0.069515347	0.09648096
20211018	0.084889919	0.083162523	0.078873113	0.087231765	0.088514456	0.089942135	0.088881234	0.093514868	0.099783529	0.103306225	0.103880842	0.098471636	0.09439539	0.093363954	0.092030309	0.091027623	0.085690614	0.076531211	0.069750238	0.092014591
20211015	0.084889919	0.082706614	0.079821108	0.087231765	0.08832245	0.089337774	0.088321405	0.092396264	0.097715871	0.100763305	0.100281401	0.09637293	0.092285723	0.090836393	0.088890526	0.087541363	0.081806601	0.073559276	0.066956925	0.08354339
20211014	0.085597012	0.084324896	0.081527497	0.086846635	0.08832245	0.089416634	0.088252219	0.093179732	0.098578755	0.101257721	0.101208096	0.098069491	0.093963387	0.092719166	0.090608349	0.089191314	0.082838814	0.075831931	0.067859909	0.084933278
20211013	0.085679593	0.084355462	0.081527497	0.086846635	0.088514456	0.089416634	0.088536658	0.094092264	0.099327965	0.101933802	0.102902952	0.100090058	0.094807754	0.093944377	0.091851556	0.090488275	0.084546008	0.076911836	0.067540593	0.09525784
20211012	0.084889919	0.08343704	0.079631508	0.086846635	0.088514456	0.089130751	0.088348468	0.094314259	0.099194613	0.101321379	0.101517797	0.09805087	0.094131671	0.092710209	0.090556302	0.089139347	0.082037413	0.07656886	0.068572656	0.085716773
20211011	0.085679593	0.084550278	0.081717096	0.0870392	0.088706461	0.089113386	0.088350876	0.092972346	0.096597421	0.100379822	0.100274436	0.095714093	0.092849911	0.091721155	0.089623286	0.088099536	0.081126986	0.076009621	0.067923635	0.097459668
20211008	0.084889919	0.084521874	0.083423485	0.086461506	0.087362424	0.088163186	0.087413718	0.093956339	0.097705876	0.101576671	0.101868338	0.098325114	0.09365147	0.093716856	0.091893906	0.090599853	0.08367937	0.078463408	0.07099361	0.088959271
20211007	0.085046058	0.08424278	0.083423485	0.086461506	0.087362424	0.088143073	0.087109083	0.092284768	0.095238504	0.099886944	0.100735132	0.096872611	0.092173037	0.092891467	0.091287421	0.090109362	0.082737411	0.076695927	0.069531336	0.084946604
20211006	0.084889919	0.083965829	0.082475491	0.085113553	0.086402396	0.087172315	0.086273785	0.090834351	0.093710899	0.097820441	0.097812322	0.093368286	0.09034106	0.089203132	0.087726071	0.08672805	0.080393139	0.073202917	0.064022455	0.081209312
20211005	0.084889919	0.083423404	0.080579502	0.085113553	0.086402396	0.087163066	0.085897006	0.090312652	0.093648133	0.097642345	0.097145257	0.09238161	0.089788664	0.088508793	0.086853472	0.085790955	0.080292567	0.072033961	0.062510733	0.079183714
20211004	0.084889919	0.082393662	0.079062712	0.084920989	0.086210391	0.087157431	0.086465103	0.089334153	0.092704422	0.096277552	0.095656869	0.090901723	0.088313728	0.087454041	0.085889855	0.084843595	0.079150993	0.071034611	0.061819756	0.076340449
20211001	0.084889919	0.080266599	0.07773552	0.082417649	0.083138306	0.086233056	0.08608804	0.089159263	0.092244852	0.095731493	0.095463598	0.091097535	0.088567434	0.08748314	0.085911416	0.084852501	0.079481111	0.071319583	0.062138552	0.076738533
20210930	0.084889919	0.081483208	0.07773552	0.082225084	0.083138306	0.086163714	0.085577842	0.089021099	0.091225304	0.095034537	0.095243399	0.091344713	0.088823833	0.087731268	0.086145021	0.085167608	0.080145933	0.072017489	0.062480027	0.084495835
20210929	0.084889919	0.081822851	0.07773552	0.082225084	0.083138306	0.085378463	0.084898154	0.088477317	0.091281249	0.094770107	0.094210811	0.090958604	0.088292233	0.087399643	0.086110832	0.085352386	0.080961888	0.073795126	0.065633043	0.081048194
20210928	0.084889919	0.081198074	0.075081136	0.081069696	0.082946301	0.08381619	0.08496347	0.087056054	0.089504099	0.093440282	0.093347606	0.089540745	0.087218135	0.086857598	0.085304101	0.084341674	0.079549807	0.07289029	0.065382282	0.078669199
20210927	0.084889919	0.081310717	0.074701939	0.081069696	0.082946301	0.083815384	0.084584169	0.086276558	0.089049731	0.092835073	0.092760942	0.089603802	0.087331085	0.08671476	0.085034531	0.083937616	0.079174189	0.072746863	0.066690919	0.076469812
20210924	0.083651256	0.081517281	0.075839531	0.080877132	0.082946301	0.083619494	0.082308362	0.084147276	0.088127237	0.090645101	0.089471918	0.086734828	0.084664479	0.083456562	0.081763318	0.080773656	0.07583088	0.067614465	0.062021387	0.070802667
20210923	0.084889919	0.081822851	0.074701939	0.080299439	0.082178279	0.083263232	0.082303904	0.08366626	0.087373283	0.09005143	0.088662299	0.085054736	0.08330324	0.082431117	0.080360907	0.079138789	0.074481947	0.065505434	0.059814304	0.069730089
20210922	0.084889919	0.082101164	0.07451234	0.080299439	0.08179427	0.083267307	0.082304114	0.083576286	0.087495806	0.09033512	0.088699187	0.08582368	0.083961555	0.082026832	0.079952797	0.078881603	0.074129786	0.065580293	0.059877456	0.071372552
20210921	0.084889919	0.080003051	0.074322741	0.07952918	0.081218253	0.082878643	0.081547179	0.082953728	0.087389052	0.089123149	0.087675376	0.084923524	0.082476767	0.081061184	0.07926691	0.078295852	0.073564962	0.065978032	0.059236592	0.070386884
20210920	0.084889919	0.078094651	0.07451234	0.079914309	0.081602264	0.083070937	0.08173666	0.082222388	0.085752289	0.088475758	0.086817856	0.083631514	0.081219784	0.07962331	0.077977325	0.077076809	0.072739906	0.065026453	0.058256935	0.070545774
20210917	0.083113154	0.078927296	0.07451234	0.079914309	0.081602264	0.084338845	0.082093145	0.082924105	0.08565759	0.088199374	0.08701387	0.083987653	0.081411651	0.079384438	0.077681833	0.076833497	0.072018711	0.06415245	0.057384959	0.069502317
20210915	0.084889919	0.079290238	0.073943543	0.079914309	0.083522317	0.086227325	0.084578271	0.082526763	0.085654892	0.087669146	0.08717021	0.084224833	0.081440695	0.079420413	0.077314326	0.076181754	0.071633244	0.063498498	0.056105507	0.069420173
20210914	0.084889919	0.07971225	0.073943543	0.079914309	0.084482344	0.086538879	0.086094148	0.084023234	0.087192081	0.089549445	0.088671007	0.085255527	0.082380025	0.080152153	0.078134631	0.077078578	0.071666801	0.062943108	0.054412793	0.070463617
20210913	0.083080243	0.079540713	0.073943543	0.08203252	0.08544237	0.087024037	0.086663877	0.085611095	0.088903978	0.090260924	0.088712988	0.084752255	0.082017478	0.079804452	0.077998114	0.076978421	0.070737562	0.061195008	0.053669523	0.066598779
20210910	0.083487458	0.080354168	0.072805951	0.082417649	0.085826381	0.086976098	0.086807784	0.085121279	0.089085	0.089986665	0.088581349	0.084749376	0.081678615	0.079039901	0.07691118	0.075698337	0.07031835	0.060822288	0.052968449	0.065561727
20210909	0.084889919	0.080653952	0.072805951	0.082417649	0.085634376	0.08788436	0.08723317	0.085086143	0.08888021	0.089978357	0.08870435	0.084608446	0.081287173	0.078633828	0.076634538	0.075571011	0.069718661	0.060300919	0.052178492	0.063184094
20210908	0.084889919	0.080976568	0.073185147	0.083958166	0.085634376	0.087854016	0.087612339	0.086469646	0.090171322	0.091808121	0.090200814	0.086577392	0.082877707	0.080330111	0.078076322	0.076746103	0.070854729	0.060749895	0.052122808	0.06750812
20210907	0.084889919	0.080901583	0.072805951	0.083573036	0.085634376	0.087839171	0.087803279	0.087404487	0.09041475	0.092632377	0.090633907	0.087113639	0.083195371	0.08056611	0.078473598	0.077223814	0.070833451	0.06094926	0.051761761	0.064281296
20210906	0.084889919	0.081315081	0.078493915	0.084343296	0.087362424	0.088293754	0.08799293	0.087312223	0.090632348	0.092313105	0.090204936	0.086674635	0.08300012	0.080237897	0.077875808	0.07641864	0.069882946	0.060714373	0.05125452	0.063522618
20210903	0.084631814	0.082660501	0.078493915	0.083765601	0.087369279	0.088273793	0.087958432	0.087688129	0.090749833	0.092331396	0.090733554	0.08760364	0.083793157	0.080589102	0.078133217	0.076671383	0.070166093	0.060799937	0.051348281	0.063686091
20210902	0.084889919	0.082991748	0.078493915	0.084728424	0.087373868	0.088267024	0.087993536	0.087341496	0.090466802	0.091800797	0.090631952	0.087084843	0.08321166	0.080227545	0.077810829	0.076395123	0.069749894	0.060163934	0.05103604	0.064613153
20210901	0.084889919	0.081808083	0.076408328	0.081839956	0.087170418	0.088462568	0.088372705	0.086891731	0.090712111	0.092038153	0.090374909	0.087048021	0.083405557	0.080095038	0.077585575	0.076172839	0.069116361	0.05938435	0.051134858	0.063443813
20210831	0.084889919	0.082294266	0.076408328	0.080877132	0.086786407	0.088584618	0.088372856	0.08689411	0.090472037	0.091989802	0.090265289	0.086667923	0.083345268	0.080291255	0.077717024	0.076195361	0.069725262	0.059845335	0.050743198	0.064242703