date	precio
20220831	21.1117
20220830	20.1623
20220829	19.8095
20220826	19.5335
20220825	19.2837
20220824	19.6985
20220823	19.776
20220822	19.3973
20220819	19.1585
20220818	19.0878
20220817	19.1197
20220816	18.9138
20220815	18.7992
20220812	18.591
20220811	18.5952
20220810	18.5715
20220809	18.5712
20220808	18.6458
20220805	18.6308
20220804	18.674
20220803	18.7653
20220802	18.7763
20220801	18.6645
20220729	18.6245
20220728	18.6797
20220727	18.9082
20220726	18.7853
20220725	18.7067
20220722	18.8022
20220721	18.9407
20220720	18.8313
20220719	18.8018
20220718	18.6883
20220715	18.7007
20220714	18.6725
20220713	18.7388
20220712	18.793
20220711	18.8077
20220708	18.812
20220707	18.8215
20220706	18.7732
20220705	18.8453
20220704	18.798
20220701	18.8852
20220630	18.827
20220629	18.8673
20220628	18.8817
20220627	18.8642
20220624	18.8727
20220623	18.8452
20220622	18.9445
20220621	18.9643
20220620	18.9385
20220617	18.9133
20220616	18.964
20220615	18.9542
20220614	18.9165
20220613	18.9702
20220610	19.0455
20220609	19.1785
20220608	19.2362
20220607	19.2302
20220606	19.3247
20220603	19.3688
20220602	19.4707
20220601	19.5678
20220531	19.5717
20220530	19.5352
20220527	19.6113
20220526	19.5607
20220525	19.5185
20220524	19.4468
20220523	19.3987
20220520	19.4138
20220519	19.48
20220518	19.3687
20220517	19.2063
20220516	19.4228
20220513	19.4543
20220512	19.2178
20220511	19.109
20220510	19.1068
20220509	19.1327
20220506	19.1953
20220505	19.2125
20220504	19.1525
20220503	19.1058
20220502	19.1948
20220429	19.1643
20220428	19.1167
20220427	19.0543
20220426	19.082
20220425	19.0878
20220422	19.1258
20220421	19.105
20220420	19.1422
20220419	19.1492
20220418	19.1602
20220413	19.2135
20220412	19.252
20220411	19.2652
20220408	19.3217
20220407	19.4764
20220406	19.5689
20220405	19.584
20220404	19.5522
20220401	19.5255
20220331	19.7368
20220330	19.7985
20220329	19.7792
20220328	19.7345
20220325	19.6808
20220324	19.6363
20220323	19.5775
20220322	19.4587
20220318	19.4459
20220317	19.4478
20220316	19.3981
20220315	19.3528
20220314	19.4262
20220311	19.3665
20220310	19.4265
20220309	19.5478
20220308	19.5354
20220307	19.5398
20220304	19.5623
20220303	19.6834
20220302	19.7806
20220301	20.0039
20220228	20.1253
20220225	20.0696
20220224	20.0988
20220223	20.0314
20220222	19.9934
20220221	19.9086
20220218	19.8402
20220217	19.7467
20220216	19.6798
20220215	19.7522
20220214	19.8153
20220211	19.5669
20220210	19.6365
20220209	19.5763
20220208	19.463
20220204	19.5803
20220203	19.4283
20220202	19.5118
20220201	19.6953
20220131	19.6291
20220128	19.5731
20220127	19.3116
20220126	19.1627
20220125	18.9929
20220124	19.0747
20220121	19.09
20220120	19.0699
20220119	19.0623
20220118	19.0894
20220117	19.1315
20220114	19.0659
20220113	19.0123
20220112	19.0108
20220111	19.0233
20220110	19.0781
20220107	18.9803
20220106	19.0307
20220105	19.1227
20220104	19.2425
20220103	19.0043
20211231	18.9116
20211230	19.0446
20211229	18.9947
20211228	19.0502
20211227	19.0694
20211224	19.076
20211223	19.2087
20211222	19.1685
20211221	19.1442
20211220	19.2271
20211217	19.1833
20211216	19.0661
20211215	18.9804
20211214	19.1753
20211213	19.1011
20211210	19.1924
20211209	19.1487
20211208	19.1645
20211207	19.1383
20211206	19.1222
20211203	19.204
20211202	19.6528
20211201	19.7084
20211130	19.5418
20211129	19.6007
20211126	19.7609
20211125	19.6426
20211124	19.0683
20211123	19.2395
20211122	19.1652
20211119	19.0521
20211118	19.0658
20211117	19.0122
20211116	18.9755
20211112	19.0309
20211111	19.0908
20211110	19.1454
20211109	19.071
20211108	19.1236
20211105	19.1427
20211104	19.1928
20211103	19.1374
20211101	19.2623
20211029	19.0837
20211028	19.0499
20211027	18.9781
20211026	19.0012
20211025	19.1014
20211022	19.0099
20211021	19.012
20211020	18.9414
20211019	19.0942
20211018	19.0046
20211015	18.9578
20211014	18.8359
20211013	18.848
20211012	18.9516
20211011	18.8489
20211008	18.7719
20211007	18.8432
20211006	18.836
20211005	18.9229
20211004	18.9701
20211001	19.0805
20210930	19.1728
20210929	19.1805
20210928	19.2279
20210927	19.2169
20210924	19.3779
20210923	19.3793
20210922	19.3201
20210921	19.0989
20210920	19.0151
20210917	19.1369
20210915	18.8694
20210914	18.9098
20210913	19.0004
20210910	19.2176
20210909	19.3233
20210908	19.332
20210907	19.3049
20210906	19.4243
20210903	19.4902
20210902	19.5225
20210901	19.3708
20210831	19.2597
20210830	19.3039
20210827	19.2978
20210826	19.2607
20210825	19.2201
20210824	19.163
20210823	19.1185
20210820	19.1394
20210819	19.2652
20210818	19.1835
20210817	19.1778
20210816	19.2578
20210813	19.3625
20210812	19.3569
20210811	19.4084
20210810	19.2592
20210809	19.2524
20210806	19.0893
20210805	19.08
20210804	19.1058
20210803	19.0824
20210802	19.1098
20210730	19.0388
20210729	19.1623
20210728	18.9972
20210727	19.0381
20210726	18.928
20210723	18.9859
20210722	19.0771
20210721	19.1297
20210720	19.1902
20210719	19.0844
20210716	19.063
20210715	18.9908
20210714	19.0457
20210713	19.0064
20210712	19.1236
20210709	19.1714
20210708	19.2456
20210707	19.3479
20210706	19.3208
20210705	19.4902
20210702	19.6073
20210701	19.5878
20210630	19.6512
20210629	19.6566
20210628	19.6829
20210625	19.8823
20210624	19.8473
20210623	19.9275
20210622	19.9082
20210621	20.0293
20210618	20.1277
20210617	20.1126
20210616	20.3337
20210615	20.2566
20210614	20.2889
20210611	20.3621
20210610	20.2609
20210609	20.4705
20210608	20.5672
20210607	20.5123
20210604	20.2346
20210603	20.3455
20210602	20.2217
20210601	20.4108
20210531	20.4977
20210528	20.5304
20210527	20.3935
20210526	20.2984
20210525	20.2023
20210524	20.4123
20210521	20.155
20210520	20.3371
20210519	20.3979
20210518	20.5158
20210517	20.3179
20210514	20.3614
20210513	20.0438
20210512	19.8245
20210511	19.8609
20210510	19.9636
20210507	20.1329
20210506	20.3177
20210505	20.0258
20210504	19.8022
20210503	19.479
20210430	19.4383
20210429	19.4623
20210428	19.4169
20210427	19.3669
20210426	19.2183
20210423	19.1018
20210422	18.8012
20210421	18.7693
20210420	18.8096
20210419	18.9202
20210416	19.0217
20210415	19.1183
20210414	19
20210413	18.9234
20210412	18.9444
20210409	19.1328
20210408	18.8014
20210407	18.7503
20210406	18.6531
20210405	18.7231
20210331	18.812
20210330	18.8986
20210329	18.987
20210326	18.8516
20210325	18.8539
20210324	18.8296
20210323	18.7672
20210322	18.7694
20210319	18.8399
20210318	18.8689
20210317	18.8775
20210316	19.0511
20210312	19.268
20210311	19.2989
20210310	19.2394
20210309	19.3546
20210308	19.4433
20210305	19.3609
20210304	19.2137
20210303	19.1792
20210302	19.1258
20210301	19.0659
20210226	18.9354
20210225	18.6697
20210224	18.8339
20210223	18.8672
20210222	18.8176
20210219	18.8784
20210218	19.0305
20210217	19.0615
20210216	19.01
20210215	19.2339
20210212	18.9973
20210211	19.1801
20210210	18.9273
20210209	18.6511
20210208	18.4542
20210205	18.4631
20210204	18.5433
20210203	18.5725
20210202	18.6349
20210129	18.5899
20210128	18.6457
20210127	18.5413
20210126	18.5515
20210125	18.6234
20210122	18.7709
20210121	18.8506
20210120	19.0761
20210119	19.0694
20210118	19.079
20210115	18.91
20210114	18.8763
20210113	18.836
20210112	18.8854
20210111	18.8241
20210108	18.9632
20210107	19.0559
20210106	19.1563
20210105	19.0719
20210104	19.2513
20201231	19.4284
20201230	19.5974
20201229	20.1453
20201228	19.6912
20201224	19.8633
20201223	20.0553
20201222	19.8754
20201221	20.0908
20201218	20.1264
20201217	20.3689
20201216	20.3937
20201215	20.5531
20201214	20.6968
20201211	20.716
20201210	20.6953
20201209	20.6259
20201208	20.596
20201207	20.4722
20201204	20.5281
20201203	20.46
20201202	20.3129
20201201	20.3863
20201130	19.9934
20201127	19.8662
20201126	19.9759
20201125	19.7322
20201124	19.7499
20201123	19.5915
20201120	19.5608
20201119	19.7048
20201118	19.7661
20201117	19.7528
20201113	19.9054
20201112	19.9319
20201111	19.7033
20201110	19.7094
20201109	19.7854
20201106	19.5214
20201105	19.3539
20201104	19.2989
20201103	19.5387
20201030	19.5781
20201029	19.4232
20201028	19.2017
20201027	19.1223
20201026	19.0943
20201023	18.7878
20201022	18.6847
20201021	18.8644
20201020	19.053
20201019	18.8139
20201016	18.8628
20201015	18.621
20201014	18.2819
20201013	18.0333
20201012	17.9787
20201009	18.0394
20201008	18.087
20201007	18.1353
20201006	18.2018
20201005	18.2882
20201002	18.2753
20201001	18.2888
20200930	18.1081
20200929	18.2244
20200928	18.2044
20200925	18.2967
20200924	18.2709
20200923	18.3445
20200922	18.3268
20200921	18.5364
20200918	18.5078
20200917	18.6001
20200915	18.7614
20200914	18.7216
20200911	18.7023
20200910	18.5854
20200909	18.5604
20200908	18.6199
20200907	18.5812
20200904	18.7148
20200903	18.7922
20200902	18.7246
20200901	18.8838
20200831	18.8909
20200828	18.861
20200827	18.8331
20200826	18.7902
20200825	18.6456
20200824	18.5659
20200821	18.6574
20200820	18.6518
20200819	18.6594
20200818	18.536
20200817	18.4797
20200814	18.5159
20200813	18.6025
20200812	18.6269
20200811	18.6703
20200810	18.8623
20200807	18.8815
20200806	18.6492
20200805	18.7009
20200804	18.5248
20200803	18.4004
20200731	18.6069
20200730	18.6982
20200729	18.6196
20200728	18.4672
20200727	18.478
20200724	18.5178
20200723	18.798
20200722	18.7118
20200721	18.5813
20200720	18.6361
20200717	18.655
20200716	18.8362
20200715	18.8113
20200714	19.0446
20200713	19.3433
20200710	19.2405
20200709	19.3065
20200708	19.2323
20200707	19.2737
20200706	19.2427
20200703	19.3717
20200702	19.4899
20200701	19.6629
20200630	19.7354
20200629	19.7867
20200626	19.7223
20200625	19.5848
20200624	19.3962
20200623	19.2291
20200622	19.1913
20200619	19.0289
20200618	19.1289
20200617	19.1202
20200616	19.1391
20200615	18.974
20200612	18.9445
20200611	18.9315
20200610	18.8897
20200609	18.6958
20200608	18.642
20200605	18.6399
20200604	18.6229
20200603	18.519
20200602	18.5848
20200601	18.52
20200529	18.5379
20200528	18.6041
20200527	18.74
20200526	18.8242
20200525	18.9724
20200522	19.1224
20200521	19.2268
20200520	19.1334
20200519	19.168
20200518	19.0526
20200515	19.09
20200514	19.0718
20200513	19.1349
20200512	19.0814
20200511	19.185
20200508	19.1241
20200507	19.1478
20200506	19.2188
20200505	19.1474
20200504	19.096
20200430	19.077
20200429	19.2009
20200428	19.0489
20200427	19.008
20200424	18.8248
20200423	18.8869
20200422	19.0117
20200421	19.0753
20200420	18.9008
20200417	18.7631
20200416	18.718
20200415	18.6327
20200414	18.6646
20200413	18.5522
20200408	18.306
20200407	18.2282
20200406	18.2113
20200403	18.2337
20200402	18.159
20200401	18.1979
20200331	18.13
20200330	17.9933
20200327	17.8831
20200326	17.7487
20200325	17.8545
20200324	17.7009
20200323	17.7643
20200320	17.761
20200319	17.6857
20200318	17.7278
20200317	17.7836
20200313	17.781
20200312	17.6443
20200311	17.7331
20200310	17.6965
20200309	17.8136
20200306	17.836
20200305	17.8683
20200304	17.7861
20200303	17.8145
20200302	17.7753
20200228	17.876
20200227	17.8049
20200226	17.6205
20200225	17.6977
20200224	17.7113
20200221	17.6458
20200220	17.6501
20200219	17.8584
20200218	17.7324
20200217	17.716
20200214	17.8483
20200213	17.7755
20200212	17.847
20200211	17.9073
20200210	17.9671
20200207	17.916
20200206	17.9641
20200205	17.8798
20200204	17.8733
20200131	17.8696
20200130	17.8108
20200129	17.8646
20200128	17.7435
20200127	17.6886
20200124	17.7561
20200123	17.7492
20200122	17.6893
20200121	17.5618
20200120	17.526
20200117	17.4937
20200116	17.5134
20200115	17.5836
20200114	17.5613
20200113	17.7422
20200110	17.7708
20200109	17.9482
20200108	17.9751
20200107	18.1394
20200106	18.3227
20200103	18.3556
20200102	18.2036
20191231	18.2064
20191230	18.0626
20191227	18.0279
20191226	17.8973
20191224	17.9862
20191223	17.8775
20191220	17.99
20191219	18.127
20191218	18.157
20191217	18.1167
20191216	17.9519
20191213	17.9321
20191211	18.1154
20191210	17.9343
20191209	18.0725
20191206	18.1802
20191205	18.1939
20191204	18.1946
20191203	18.2278
20191202	18.2762
20191129	18.3819
20191128	18.6204
20191127	18.5941
20191126	18.6909
20191125	18.6643
20191122	18.5121
20191121	18.4849
20191120	18.4185
20191119	18.5689
20191115	18.615
20191114	18.6633
20191113	18.6859
20191112	18.8898
20191111	18.6761
20191108	18.6183
20191107	18.67
20191106	18.7594
20191105	18.9039
20191104	18.9587
20191101	19.1364
20191031	19.1164
20191030	19.0137
20191029	19.0019
20191028	18.8031
20191025	18.7731
20191024	18.9594
20191023	19.067
20191022	19.1119
20191021	18.9225
20191018	18.6521
20191017	18.8413
20191016	18.8187
20191015	18.8374
20191014	18.4863
20191011	18.5582
20191010	18.7528
20191009	18.7646
20191008	18.6923
20191007	18.656
20191004	18.7696
20191003	18.7192
20191002	18.8334
20191001	18.732
20190930	18.7955
20190927	18.7079
20190926	18.8092
20190925	18.8853
20190924	18.8661
20190923	18.8528
20190920	18.9877
20190919	19.0837
20190918	19.107
20190917	19.117
20190913	19.173
20190912	19.4493
20190911	19.6543
20190910	19.5803
20190909	19.6279
20190906	19.7974