DATE 	1	7	30	90	180	270	360	720	1080	1440	1800	2160	2520	2880	3240	3600
20220831	2.037070671	2.08304575	2.200078006	2.447148792	2.508915173	2.611374971	2.699412825	2.950860085	3.080491281	3.16766184	3.196836227	3.245176369	3.301782132	3.362831731	3.428531465	3.496972021
20220830	2.028228294	2.079512767	2.199655738	2.447310236	2.511262992	2.611330328	2.699430224	2.944472129	3.073827157	3.150068432	3.167637733	3.211244013	3.263244269	3.323019735	3.387624912	3.45487452
20220829	2.036784053	2.086065654	2.199518638	2.449778973	2.511208907	2.611321293	2.699423156	2.944517876	3.066986538	3.150062843	3.167874855	3.211456543	3.263432182	3.321768139	3.38472823	3.450230739
20220826	2.024506539	2.076797912	2.200332098	2.446974695	2.506319591	2.610990184	2.696602988	2.944580778	3.063605228	3.153695535	3.168058449	3.217220833	3.275503822	3.331701065	3.391658262	3.453982716
20220825	2.031992828	2.08258599	2.198463425	2.444490269	2.506285079	2.608198875	2.693759441	2.938215695	3.060302487	3.153888906	3.175721782	3.223363295	3.279580626	3.332840618	3.389631034	3.448601228
20220824	2.027448009	2.075985904	2.198463425	2.444490269	2.506285079	2.608198875	2.693759441	2.938215695	3.060302487	3.153868228	3.17937708	3.233042309	3.295626621	3.353989809	3.416061806	3.480644537
20220823	2.027714948	2.079352376	2.198463425	2.444490269	2.506285079	2.608198875	2.693759441	2.938265444	3.053494319	3.150678165	3.17223402	3.225593072	3.288062483	3.346227217	3.408072351	3.472409355
20220822	2.031992828	2.08258599	2.198463425	2.444490269	2.506962434	2.613372255	2.696636154	2.944595074	3.060128838	3.160760843	3.186609528	3.240369226	3.303084418	3.361653896	3.423960095	3.488795112
20220819	2.031992828	2.08258599	2.198463425	2.444490269	2.506962434	2.613372255	2.696620386	2.947709281	3.073671157	3.174955168	3.200919198	3.258771124	3.326010871	3.382605148	3.442264886	3.5043059
20220818	2.023437069	2.076118325	2.198463425	2.444560111	2.509986577	2.618930422	2.702260178	2.969949616	3.100583288	3.195652572	3.221686794	3.276051255	3.339543578	3.396320399	3.456545759	3.519194235
20220817	2.03493216	2.080859706	2.197792549	2.444742305	2.509988124	2.618501521	2.69941935	2.966750776	3.100658441	3.195806822	3.218125701	3.266420151	3.323489815	3.382327844	3.445476837	3.511222364
20220816	2.034131768	2.083376585	2.196640452	2.444425996	2.503948593	2.610617619	2.693770315	2.94448814	3.080655251	3.167979282	3.189693703	3.241435949	3.302173983	3.357767	3.416842338	3.47824883
20220815	2.040548587	2.089054092	2.198463425	2.444419923	2.503434009	2.603672833	2.679720039	2.919153613	3.047151303	3.14042559	3.154604126	3.216990465	3.289681357	3.339941701	3.391823978	3.4456012
20220812	2.036270708	2.085820041	2.198463425	2.444419923	2.503434009	2.604153287	2.682418419	2.919136457	3.047105186	3.14030599	3.169256364	3.228691314	3.297329497	3.353192916	3.411855555	3.472822021
20220811	2.034131768	2.084771159	2.200737457	2.444484196	2.505307937	2.598882116	2.679541706	2.909594837	3.040469528	3.133548624	3.155000754	3.217714697	3.290330072	3.346277635	3.404669084	3.465342243
20220810	2.027448009	2.075985904	2.198463425	2.444490269	2.505311029	2.598100847	2.673817097	2.912789101	3.047209375	3.154962507	3.16963854	3.241863048	3.325401	3.387304344	3.451564362	3.518492359
20220809	2.028784418	2.078980897	2.195624084	2.444659812	2.505951296	2.604540733	2.685245654	2.922174611	3.067217689	3.183020863	3.213013958	3.29253631	3.383385756	3.456081807	3.53214469	3.611691753
20220808	2.027158824	2.07843373	2.198483533	2.444351094	2.500790008	2.601397057	2.679473743	2.934939086	3.08760006	3.20421846	3.234442601	3.314369263	3.405751868	3.482109928	3.562371242	3.64642559
20220805	2.026645478	2.078259791	2.197303559	2.439307847	2.498677074	2.600955932	2.676898784	2.941375077	3.090976816	3.211203289	3.249071288	3.333548398	3.429557194	3.508382204	3.591096905	3.677796374
20220804	2.025148221	2.076730609	2.195711371	2.439522432	2.506736306	2.609731119	2.687992966	2.957086213	3.121244066	3.239202404	3.284801037	3.374340311	3.475625206	3.556230359	3.640578986	3.729065753
20220803	2.023171413	2.071615127	2.193892054	2.439527492	2.506738367	2.610592639	2.693676254	2.963435284	3.127879154	3.249739448	3.291877188	3.381386403	3.482894116	3.566761771	3.654871085	3.747398291
20220802	2.022153705	2.073311693	2.193155369	2.439645919	2.504054703	2.608267967	2.69373008	2.95079318	3.100854294	3.210659503	3.248248591	3.332803779	3.428883714	3.507743101	3.590491072	3.677224426
20220801	2.025576009	2.076797039	2.196835591	2.444773683	2.508973894	2.610097305	2.690820202	2.95710108	3.114373841	3.232032029	3.266365038	3.353039956	3.451761611	3.525567931	3.602277202	3.682565767
20220729	2.025148221	2.076354323	2.196390016	2.444427514	2.503693619	2.607386782	2.688047881	2.941125757	3.107934037	3.203868045	3.237119442	3.321313422	3.41716945	3.486825932	3.558977407	3.634373252
20220728	2.023437069	2.074584773	2.194608172	2.444432575	2.50344019	2.603677085	2.679722758	2.93812992	3.0876086	3.196943576	3.226879897	3.306710554	3.397951745	3.460867372	3.525672738	3.593224537
20220727	2.028517051	2.076267354	2.195671155	2.444429539	2.503438645	2.604155944	2.682373292	2.928573431	3.074056601	3.182873879	3.212659615	3.288306615	3.374889821	3.439774669	3.50723771	3.577606268
20220726	2.027714948	2.078216524	2.193892054	2.439036073	2.487344391	2.584840543	2.662453783	2.900165297	3.047552117	3.162505653	3.21441206	3.289051743	3.373217534	3.439174783	3.508089648	3.580003269
20220725	2.024506539	2.074610995	2.191053169	2.439045689	2.487349028	2.584413769	2.659633615	2.893817369	3.040925	3.148573439	3.177840345	3.248879072	3.330275591	3.392062363	3.456389472	3.523392977
20220722	2.020742004	2.071851999	2.191685657	2.439044171	2.487092508	2.583332216	2.66813979	2.900223052	3.037332466	3.148281706	3.177718306	3.248769494	3.330177022	3.391969463	3.456302796	3.523310961
20220721	2.026645478	2.075742913	2.188611876	2.434217533	2.492072481	2.584369656	2.659571634	2.903408739	3.04430688	3.141158835	3.170075313	3.233298668	3.306095408	3.365276565	3.427371443	3.491985502
20220720	2.032237951	2.077945126	2.189866798	2.434212472	2.492153352	2.584368062	2.659570546	2.903408167	3.044306311	3.141158276	3.170074777	3.233298668	3.306095408	3.365276565	3.427371443	3.491985069
20220719	2.028784418	2.077900549	2.190955829	2.439185878	2.4916228	2.581574097	2.656676436	2.903407023	3.047695592	3.15187863	3.184815868	3.248403558	3.321438303	3.38101416	3.443556492	3.508657017
20220718	2.023437069	2.073504862	2.189939461	2.439188914	2.491624345	2.58157516	2.656708514	2.896991047	3.047799781	3.14497428	3.170186647	3.233214063	3.306020144	3.368087399	3.433487712	3.501613646
20220715	2.027714948	2.076794854	2.18984212	2.438978377	2.484450567	2.578859853	2.6539052	2.890831252	3.020860322	3.113177603	3.134319871	3.194710539	3.264712618	3.326925306	3.392691637	3.461177599
20220714	2.023437069	2.074982473	2.193892054	2.43910642	2.489271375	2.581590572	2.656704708	2.900304253	3.034201096	3.134204744	3.155774741	3.222280259	3.299056169	3.361198264	3.426315165	3.494135592
20220713	2.029586521	2.075533573	2.191606597	2.436625031	2.489328551	2.581601734	2.656712863	2.900309398	3.034204511	3.134146062	3.166772217	3.23785251	3.319023585	3.383385234	3.450671105	3.520812953
20220712	2.021298129	2.072797741	2.191606597	2.436555191	2.48710487	2.58162193	2.656759621	2.893902	3.034158965	3.148741102	3.156093222	3.225699591	3.30676403	3.369419291	3.43474339	3.502790348
20220711	2.023437069	2.073846623	2.189320683	2.434073295	2.487376842	2.584016225	2.656925993	2.900208184	3.047652322	3.162709083	3.192364656	3.261675187	3.34123723	3.406104402	3.474145912	3.54510799
20220708	2.019201968	2.070259448	2.190082045	2.439586705	2.500316633	2.595783616	2.673778494	2.925427774	3.080856798	3.218876095	3.264832585	3.339984936	3.42535948	3.498838622	3.576360648	3.657498495
20220707	2.027714948	2.077080674	2.189320683	2.434284338	2.495434014	2.593558861	2.673812747	2.922207205	3.087812424	3.211773901	3.264627581	3.334275176	3.413147512	3.487310509	3.566200701	3.648791509
20220706	2.006064172	2.052984808	2.189320683	2.434284338	2.495434014	2.593558861	2.673844281	2.915785511	3.08784203	3.215575375	3.264826698	3.334268044	3.413140716	3.487304907	3.566194414	3.648785033
20220705	2.01274237	2.064767243	2.187791561	2.434422502	2.495436589	2.593131555	2.670975182	2.919038102	3.084411756	3.219045992	3.279820967	3.346082546	3.420849063	3.490492015	3.56456284	3.642007563
20220704	2.01381184	2.066286809	2.188161274	2.429172262	2.489537681	2.581632028	2.656767233	2.89370872	3.06110127	3.202137208	3.259050695	3.324673634	3.398901996	3.466347589	3.537911112	3.612666437
20220701	2.012485697	2.064932005	2.186750972	2.428765361	2.480088713	2.563054845	2.642474468	2.871679392	3.034616145	3.156597218	3.201103329	3.261383658	3.33021538	3.392503526	3.458548285	3.527377616
20220630	2.02198259	2.072361145	2.187729408	2.423364304	2.473494937	2.564667341	2.636984193	2.868648101	3.017946439	3.121151084	3.157294884	3.216647463	3.284736847	3.348671582	3.41661195	3.487424598
20220629	2.018894388	2.066617644	2.184726919	2.423592553	2.475845332	2.565104745	2.639707038	2.868724154	3.004240719	3.124680383	3.157780365	3.216898727	3.284961663	3.346007801	3.410642987	3.477940628
20220628	2.02839941	2.077779491	2.190003441	2.423981742	2.481372854	2.571392096	2.651045342	2.88756894	3.041045131	3.170286879	3.215277042	3.275796934	3.344940149	3.407672978	3.47421777	3.543588986
20220627	2.022367599	2.072754475	2.188138881	2.423986802	2.481375429	2.570610827	2.645402288	2.874928552	3.02099981	3.138677426	3.168155331	3.217616842	3.275388257	3.334131893	3.397050584	3.4625179
20220624	2.019159189	2.069477157	2.184726919	2.423996418	2.481380581	2.570614016	2.645404463	2.874929695	3.02118029	3.113713565	3.149521287	3.197264462	3.25264729	3.309226055	3.369853649	3.432874614
20220623	2.015950779	2.067335691	2.185886784	2.428788641	2.480089743	2.562664211	2.639637445	2.868739594	3.001059816	3.092695926	3.120954937	3.160304197	3.206893925	3.258925128	3.315092868	3.373357534
20220622	2.016756304	2.063016921	2.187024258	2.428466258	2.47607249	2.567404438	2.639819041	2.859189968	2.990911901	3.092993247	3.114213858	3.156901176	3.20754167	3.259843867	3.315956036	3.374162144
20220621	2.023308733	2.073715513	2.189128285	2.420711348	2.469847009	2.55309447	2.622758303	2.821817194	2.934314385	3.023484196	3.043664839	3.089278555	3.142856112	3.195091952	3.250780668	3.308493931
20220620	2.021298129	2.07166189	2.18699044	2.420624806	2.467503826	2.552712339	2.619848424	2.824531689	2.947804326	3.037581277	3.05785247	3.103629141	3.157435695	3.208647545	3.263167694	3.319656188
20220617	2.023608184	2.072885585	2.184897837	2.420681995	2.467506917	2.552713933	2.619850056	2.82458201	2.94102121	3.037569541	3.05807621	3.105731502	3.161584367	3.217220569	3.276607854	3.338247291
20220616	2.014367964	2.065718666	2.184170293	2.420847995	2.469853705	2.551381525	2.611254171	2.818249522	2.937701958	3.051948855	3.080406231	3.130482275	3.188627443	3.243603485	3.302066328	3.362748229
20220615	2.017825347	2.063810576	2.183578934	2.420864189	2.46985422	2.55224092	2.616975518	2.833985818	2.967839969	3.079728891	3.123036031	3.178243831	3.241259326	3.29501502	3.351710535	3.410557002
20220614	2.019672534	2.070001161	2.185273034	2.423285859	2.469798075	2.551371959	2.611246559	2.824565428	2.947880049	3.044709178	3.072481691	3.141678556	3.220643193	3.263651402	3.306630963	3.350975176
20220613	2.015950779	2.067335691	2.185864391	2.423269665	2.46979756	2.551371427	2.611246559	2.818319286	2.927735662	3.023618884	3.0585178	3.127845788	3.206461287	3.249074835	3.291623001	3.335507552
20220610	2.017020249	2.068427839	2.187001407	2.423238286	2.470134434	2.553739149	2.611246559	2.815157045	2.920973042	3.023605472	3.073363801	3.139736739	3.214318218	3.259589908	3.305536061	3.353006127
20220609	2.00953396	2.063052758	2.188116488	2.418872196	2.475091228	2.550438688	2.605725294	2.802869478	2.894392267	2.981792065	3.016061959	3.084768036	3.162530249	3.206871224	3.251419288	3.29739081
20220608	2.008202684	2.054871483	2.186979014	2.418010821	2.463857958	2.538567659	2.588409561	2.786672855	2.915350241	2.951043281	2.968722933	3.030549557	3.101461182	3.141365363	3.181426894	3.222646112
20220607	2.006582223	2.060037662	2.185000204	2.422419423	2.453692489	2.533993253	2.588684128	2.780912773	2.91515211	2.989824786	3.016235919	3.084561622	3.162344277	3.21510159	3.269227824	3.325305304
20220606	2.018089719	2.068384573	2.18359036	2.42333242	2.47013907	2.554601202	2.616969537	2.824520824	2.947805464	3.04103457	3.079680954	3.1380258	3.204515626	3.26042975	3.319231759	3.380283926
20220603	2.011116776	2.063533496	2.185273034	2.423140609	2.466437057	2.544738617	2.614118922	2.818307849	2.934455012	3.03064507	3.072955933	3.127525719	3.189660726	3.242064786	3.297234033	3.354431034
20220602	2.012186246	2.064626081	2.186410506	2.422963476	2.463412398	2.538756865	2.6056557	2.799787294	2.928069295	3.017221993	3.051783145	3.099993204	3.155567725	3.205330657	3.258039442	3.312611952
20220601	2.01354875	2.060037224	2.188138881	2.422915903	2.465101921	2.552746885	2.619855492	2.827782564	2.941001853	3.037481238	3.058021077	3.099977914	3.149636547	3.194801578	3.242799747	3.292398247
20220531	2.00846449	2.061960174	2.187001407	2.422801019	2.463638012	2.558087147	2.622733836	2.824598022	2.934133904	3.044499041	3.080157336	3.130623962	3.188753689	3.235276485	3.284103752	3.334599346
20220530	2.019159189	2.069477157	2.184726919	2.423301042	2.470814365	2.562761471	2.63969562	2.87203393	2.994308584	3.085502635	3.117362799	3.166433406	3.22337207	3.280712017	3.342030672	3.405763435
20220527	2.020228659	2.070569305	2.185864391	2.423269665	2.470812819	2.561914831	2.634137384	2.862552923	2.980968379	3.071693375	3.096056731	3.144486801	3.201089476	3.253609238	3.309424803	3.367313451
20220526	2.024934326	2.075376241	2.190867627	2.422986757	2.468121429	2.559609823	2.634115635	2.843513715	2.960789832	3.065199239	3.078910712	3.132235517	3.194769844	3.253146602	3.315104996	3.379495285
20220525	2.011838026	2.059406147	2.177176821	2.413052092	2.459964328	2.548622637	2.62271535	2.837280153	2.961090443	3.065379756	3.115721153	3.159704323	3.210024851	3.270670788	3.336350479	3.40469767
20220524	2.01274237	2.062922522	2.177859122	2.412887611	2.456940701	2.543095296	2.617036956	2.824554562	2.961247582	3.072967053	3.116155786	3.17124055	3.234100152	3.287645974	3.3441082	3.402702112
20220523	2.009961749	2.060082239	2.174902333	2.413405853	2.465336291	2.552365286	2.617030975	2.843467967	2.98783348	3.129354821	3.159350821	3.214257652	3.277964667	3.339899685	3.40593599	3.474717866
20220520	2.00739502	2.058596323	2.176721649	2.413356256	2.465333715	2.553222555	2.622751235	2.843436517	2.987741816	3.129239692	3.16663626	3.221999435	3.285790035	3.352229359	3.4234342	3.497720084
20220519	2.008507269	2.059732175	2.177927215	2.418551331	2.470592872	2.560012151	2.636913512	2.855960251	3.007754686	3.135712032	3.187594409	3.240181672	3.300121011	3.363823298	3.432258529	3.503608338
20220518	2.014617792	2.060531946	2.180156004	2.418490093	2.470590296	2.560401189	2.639702145	2.868656106	3.020985576	3.171143635	3.20191639	3.253600594	3.313934862	3.38681743	3.465778765	3.548360107
20220517	2.008507269	2.059732175	2.177927215	2.418551331	2.470592872	2.560403316	2.639640707	2.881229589	3.054871552	3.19204503	3.259795779	3.32590549	3.400003744	3.479166978	3.564237693	3.653433135
20220516	2.007865587	2.059076624	2.177244915	2.418278545	2.46556345	2.557668876	2.636823258	2.875163576	3.014084607	3.1852491	3.231748632	3.292279951	3.361518805	3.442140138	3.529277199	3.6206491
20220513	2.0116729	2.062965789	2.18129302	2.418458716	2.470249816	2.558017524	2.639707038	2.862313326	3.014382372	3.149729753	3.209440555	3.270455663	3.339243011	3.422060479	3.511734978	3.605802637
20220512	2.020442553	2.06965197	2.181542999	2.423388597	2.470141645	2.557216591	2.633987323	2.862337914	3.01431462	3.171245351	3.231880842	3.308806798	3.395138379	3.486728362	3.585023751	3.688409994
20220511	2.014403898	2.062028788	2.179906025	2.413122945	2.462306482	2.549383179	2.628308384	2.856099206	3.007803649	3.15725222	3.217428257	3.294106583	3.380109162	3.465270592	3.556141802	3.651536427
20220510	2.014881309	2.063971403	2.175584633	2.413387633	2.464658422	2.548585434	2.622655544	2.843417075	2.994468568	3.143406633	3.203363736	3.275854015	3.357207471	3.450162762	3.55042613	3.655884089
20220509	2.013640724	2.062704006	2.174265732	2.41284105	2.455521604	2.547881761	2.617088063	2.849883372	2.99448394	3.15041214	3.21812249	3.299026361	3.389236334	3.477850492	3.572338526	3.671626677
20220506	2.01381184	2.064015107	2.178996596	2.413001988	2.460801879	2.552602855	2.617057073	2.849687233	3.014787173	3.164647264	3.239706359	3.333195202	3.436906224	3.533909405	3.63694623	3.745485181
20220505	1.999694837	2.05300229	2.177631994	2.413330951	2.465332686	2.552362628	2.617028801	2.849671222	3.014621494	3.186017554	3.28078176	3.38980757	3.509756078	3.616260668	3.728956111	3.848009695
20220504	2.006064172	2.052087577	2.175584633	2.413096122	2.460806514	2.554171769	2.628378521	2.855930515	3.027863203	3.210804811	3.306371523	3.419945993	3.545053763	3.657762154	3.777263799	3.90373379
20220503	2.00846449	2.059688471	2.177859122	2.413179122	2.462986412	2.554149447	2.6283459	2.85904987	3.037943367	3.228658097	3.328536151	3.444785448	3.572735358	3.688174355	3.81064796	3.940375992
20220502	2.025832681	2.072886021	2.178131952	2.413317286	2.466345885	2.562906564	2.639741291	2.87472841	3.06820037	3.249538811	3.357050581	3.474431026	3.603299266	3.719975401	3.843863256	3.975164214
20220429	2.025576009	2.072623801	2.177859122	2.413470127	2.468354768	2.560049353	2.636878715	2.868491418	3.047992787	3.221027207	3.320235857	3.432392986	3.555751738	3.673395645	3.798837126	3.931767855
20220428	2.029853888	2.074722002	2.173310602	2.41393776	2.476160572	2.565543211	2.64262779	2.862073727	3.03771734	3.213947929	3.30938665	3.423097749	3.548362404	3.662777867	3.784262546	3.912887112
20220427	2.027448009	2.072223915	2.171013262	2.408689038	2.466803292	2.564467506	2.634218939	2.86856976	3.037885864	3.206689809	3.305524205	3.421360818	3.548737749	3.663305862	3.784770476	3.913374453
20220426	2.029426101	2.075420819	2.177370589	2.404767806	2.445495726	2.543700115	2.619856579	2.849693523	3.028113713	3.214755504	3.314217381	3.426100686	3.549143682	3.675699961	3.8115731	3.955847062
20220425	2.031137252	2.077168955	2.179156089	2.397605536	2.449548521	2.538051065	2.614122728	2.843445666	3.014782049	3.193409245	3.307253633	3.423709854	3.550887831	3.674623431	3.806816254	3.947083963
20220422	2.030367234	2.076382294	2.178326176	2.394869075	2.44355947	2.527400303	2.60553228	2.837170933	3.014976762	3.200982012	3.307565691	3.443679988	3.593194655	3.723174179	3.86066806	4.006774138
20220421	2.028784418	2.074765267	2.176643045	2.394624124	2.438870529	2.527440696	2.605562183	2.837089161	3.028483215	3.222513816	3.33725823	3.474477404	3.62491421	3.762462849	3.90881093	4.06463667
20220420	2.025309497	2.071292596	2.177802911	2.400402222	2.454188529	2.538395993	2.616876021	2.8559694	3.048348055	3.250517403	3.366185882	3.492053648	3.629965059	3.770071852	3.920612781	4.081034947
20220419	2.023437069	2.069303218	2.171036112	2.41366295	2.465341442	2.554919555	2.633837262	2.900266512	3.095203596	3.292051371	3.423717886	3.556023514	3.700435158	3.831268323	3.9704501	4.118537874
20220418	2.01060343	2.060737352	2.175584633	2.413096122	2.459966389	2.549407095	2.628200188	2.881297638	3.068298297	3.263984073	3.372237541	3.493961827	3.627733888	3.748752732	3.877301306	4.013700099
20220413	2.00846449	2.059688471	2.177859122	2.413033366	2.459963299	2.549404438	2.628230092	2.87498402	3.054874399	3.235303688	3.350064352	3.475687346	3.613238792	3.730811656	3.854952387	3.986540576
20220412	2.021298129	2.068254336	2.173299176	2.410690648	2.460023565	2.550200587	2.633850854	2.893948891	3.088543456	3.277819601	3.408920057	3.536778121	3.676159318	3.793077191	3.916389462	4.047145436
20220411	2.022101943	2.068014842	2.174436649	2.41065927	2.460022019	2.550199525	2.633849767	2.893948891	3.088491646	3.285050893	3.416539498	3.548637476	3.692787016	3.813791752	3.941465754	4.076986854
20220408	2.041318605	2.086432762	2.185489651	2.40977259	2.448594044	2.534020358	2.619561895	2.878238898	3.071979649	3.264185827	3.387399883	3.522385745	3.670094607	3.790450757	3.916993498	4.05125914
20220407	2.031436703	2.077474441	2.179530829	2.409791315	2.446256011	2.534044805	2.619533622	2.887795958	3.082179943	3.263847148	3.394312245	3.529913469	3.67787385	3.806435309	3.942577721	4.087317736
20220406	2.030923358	2.076950437	2.178996596	2.412419472	2.448886619	2.536398709	2.619617352	2.871836075	3.068701389	3.249941761	3.372498752	3.499016667	3.637210181	3.755691353	3.880877027	4.013628445
20220405	2.026645478	2.072580536	2.174425225	2.407317518	2.443971034	2.533687123	2.616816757	2.865632821	3.048463062	3.228682128	3.335664756	3.468584169	3.614661499	3.732851743	3.856919436	3.988429514
20220404	2.025309497	2.071292596	2.177836729	2.40722389	2.445481819	2.543261648	2.616903749	2.86872587	3.055229667	3.228587119	3.327771262	3.468231992	3.623137041	3.743844391	3.87004029	4.00387771
20220401	2.025576009	2.071487951	2.173310602	2.412867366	2.454939027	2.546674781	2.62538437	2.874885093	3.075373484	3.249801483	3.356934428	3.502623045	3.663058763	3.787227702	3.917024935	4.054828094
20220331	2.036270708	2.080242177	2.175407775	2.412804611	2.455520058	2.548664093	2.622557134	2.874835343	3.082052412	3.278580231	3.409782362	3.553873244	3.711406505	3.833968517	3.962241931	4.098436399
20220330	2.023437069	2.069303218	2.171036112	2.413522761	2.46031099	2.552967447	2.636630245	2.912774805	3.142787321	3.342340128	3.475064413	3.62522762	3.78986658	3.909674334	4.034176674	4.166336719
20220329	2.019159189	2.06589479	2.171363324	2.418778062	2.471361398	2.56689369	2.650828407	2.938124201	3.162666964	3.370379482	3.49648931	3.630467468	3.777525453	3.902194645	4.034030716	4.174177364
20220328	2.03561662	2.080571701	2.179735564	2.415449974	2.460787971	2.556736137	2.645171215	2.919174198	3.135740031	3.334793069	3.459834094	3.584601858	3.721213467	3.839769455	3.965332626	4.098583592
20220325	2.031992828	2.078042585	2.180110762	2.408035163	2.460068378	2.549420382	2.62805339	2.912894891	3.136221692	3.320818941	3.429716557	3.561156843	3.706010418	3.821434834	3.942537302	4.070920324
20220324	2.031992828	2.078042585	2.180099337	2.405566932	2.460122463	2.549429417	2.628059914	2.91299782	3.122682219	3.291690897	3.430062872	3.542673396	3.664687836	3.792645365	3.930490695	4.077070594
20220323	2.022367599	2.069346484	2.174413799	2.40572281	2.46013019	2.55060876	2.63662209	2.912949786	3.122541022	3.291700956	3.407210969	3.53036962	3.665413273	3.775532928	3.891293407	4.013833481
20220322	2.027714948	2.073672683	2.175539391	2.402932703	2.454814373	2.545500221	2.633910118	2.881227874	3.082101374	3.242298018	3.348907117	3.474239393	3.611908342	3.717122083	3.826837049	3.942774716
20220318	2.016756304	2.06182076	2.168705412	2.401093044	2.460369711	2.55102331	2.639634727	2.884360952	3.08189869	3.249305202	3.356357416	3.469770155	3.59421774	3.704114093	3.820486352	3.943618178
20220317	2.020228659	2.067161752	2.172116918	2.401083934	2.459854097	2.544691316	2.628215955	2.87483763	3.082190761	3.249852341	3.341720168	3.458046372	3.586585138	3.693428623	3.805849796	3.92469254
20220316	2.0116729	2.060694086	2.172173129	2.413480755	2.465339382	2.554135629	2.628304579	2.865127319	3.082305767	3.235636219	3.334229724	3.466877305	3.61308778	3.715825673	3.82186643	3.933829026
20220315	2.021165515	2.066587489	2.173310602	2.413595639	2.468361465	2.560836999	2.642352136	2.916078862	3.115476083	3.291515968	3.399676097	3.534462212	3.682906249	3.794574808	3.910918547	4.034108914
20220314	2.009271726	2.055961883	2.170600592	2.423756023	2.470495518	2.559609823	2.633832913	2.900155003	3.102120506	3.277583197	3.400575871	3.538103248	3.68869613	3.805328904	3.927280092	4.056568541
20220311	2.00418661	2.051911015	2.159382612	2.347181672	2.374122642	2.446995023	2.50336141	2.774659197	2.990348255	3.204522489	3.341746394	3.491939996	3.655561636	3.775987628	3.901094076	4.033783014
20220310	2.00418661	2.051911015	2.15941643	2.355020594	2.381669351	2.455561339	2.528602102	2.793535434	3.003330914	3.210756748	3.348022865	3.490379917	3.64525891	3.774210375	3.910098494	4.054521183
20220309	2.00846449	2.055145066	2.159394037	2.349357885	2.371815516	2.467268142	2.542978054	2.803040457	3.003071864	3.203121387	3.332496546	3.474143575	3.628606449	3.756942949	3.892117504	4.035740584
20220308	2.00632555	2.052959896	2.15708573	2.341727475	2.36485808	2.450590452	2.525914597	2.777929515	2.969815009	3.168247542	3.304311839	3.449527862	3.607390156	3.735019741	3.869006915	4.011309144
20220307	1.995372468	2.042579903	2.159382612	2.346162901	2.357041975	2.444308947	2.514523555	2.774886216	2.963247672	3.168475563	3.312307569	3.454015448	3.607547964	3.734835805	3.868828623	4.011136481
20220304	1.953921525	2.013062195	2.155903471	2.331307971	2.356064317	2.449138462	2.51492861	2.762071418	2.970095694	3.175946055	3.334974272	3.482032652	3.640735383	3.77273563	3.91182887	4.059745548
20220303	1.987075093	2.038976123	2.159348794	2.338907002	2.360792407	2.449854891	2.520304165	2.76839876	2.969835505	3.190064373	3.34240209	3.485209891	3.639658885	3.772931704	3.913914932	4.063894218
20220302	2.00525608	2.055275302	2.169583309	2.338626625	2.360779014	2.449845855	2.520359621	2.755680603	2.963223191	3.175998589	3.342864555	3.482358837	3.63219235	3.760066099	3.895140831	4.038658595
20220301	2.0116729	2.060694086	2.171947828	2.360049163	2.391282635	2.478022011	2.554308201	2.805911634	3.019535468	3.242286841	3.392208669	3.544494932	3.710003707	3.83586108	3.967240393	4.106820932
20220228	2.012778731	2.059740915	2.173403373	2.360882703	2.40602321	2.484228577	2.565697613	2.799457345	3.009183159	3.231446328	3.384932866	3.537199613	3.702419664	3.827938829	3.958937467	4.098093661
20220225	2.01060343	2.059601502	2.170855598	2.370241431	2.39643362	2.481802392	2.548878821	2.793221497	3.002750756	3.224718022	3.370359847	3.534055501	3.712490289	3.839283474	3.970546654	4.110004413
20220224	2.01060343	2.059601502	2.170787961	2.35500035	2.389047107	2.475538958	2.53753345	2.767908126	2.989650813	3.211289916	3.356526558	3.511576808	3.680250206	3.805084279	3.934916556	4.072776886
20220223	2.014667416	2.063752887	2.175221775	2.380866916	2.412308442	2.499961304	2.577136501	2.805457598	3.036062269	3.245422693	3.398722797	3.567867578	3.752098338	3.877690753	4.007065966	4.144505586
20220222	2.00953396	2.059645205	2.174267559	2.370438809	2.402878018	2.492186354	2.554566458	2.773958129	3.002699516	3.232342764	3.385958424	3.542237636	3.711971219	3.844465382	3.983233228	4.130883738
20220221	2.010078534	2.055935661	2.175562241	2.407868657	2.456057306	2.555137991	2.633968837	2.887150357	3.139559732	3.353965302	3.514201097	3.674985019	3.850116012	3.979251959	4.113795486	4.256970334
20220218	2.014881309	2.063971403	2.175562241	2.408160168	2.461344277	2.559736845	2.634243406	2.887252716	3.118972969	3.34307952	3.499597569	3.659710922	3.834256964	3.962702529	4.096466586	4.238773768
20220217	2.014881309	2.063971403	2.175607026	2.418906105	2.477154197	2.577138937	2.65673298	2.91245801	3.142252711	3.349172383	3.490018002	3.645130479	3.814929036	3.936023171	4.061580642	4.194912512
20220216	2.018894388	2.065844531	2.18068064	2.426913555	2.491591894	2.601866881	2.696504578	2.975881821	3.20239266	3.41196319	3.554672191	3.69948198	3.857982171	3.976979854	4.101207264	4.233120337
20220215	2.014881309	2.064765058	2.180797633	2.430110564	2.504965913	2.618650866	2.730597782	3.026722999	3.252741101	3.453527337	3.597194404	3.730974069	3.877256688	3.986688697	4.10088526	4.221886422
20220214	2.016592461	2.065400505	2.178028212	2.430185466	2.504969517	2.617793065	2.724912318	3.020385364	3.242521448	3.453873283	3.594021909	3.723292935	3.864751922	3.978212309	4.097564182	4.224168171
20220211	2.012314582	2.06211095	2.178125553	2.430185466	2.503953744	2.609817749	2.719133884	3.017320906	3.232465197	3.432195051	3.559795711	3.700051272	3.854387532	3.966727611	4.083541989	4.207377948
20220210	2.009148951	2.05991704	2.179497924	2.434798025	2.499826775	2.614201888	2.716357212	3.014017422	3.242756016	3.454157189	3.605903637	3.736024319	3.877775271	3.996538992	4.122096616	4.2554755
20220209	2.009613957	2.057505486	2.180309557	2.434776769	2.499825228	2.613770861	2.713497354	3.013985399	3.249783949	3.44688454	3.590162679	3.723698625	3.869682838	3.985231692	4.106611265	4.23542755
20220208	2.01415407	2.063959166	2.180157376	2.434776769	2.499825228	2.613770861	2.713513121	3.010761399	3.249712212	3.461706484	3.598063667	3.731378739	3.877629116	3.991891146	4.111747597	4.238910604
20220204	2.022923723	2.070759852	2.180184796	2.434770696	2.499825228	2.615491246	2.724886222	3.023385776	3.27690275	3.490434933	3.627560301	3.753400268	3.891385667	4.010560956	4.136976135	4.271300102
20220203	2.019159189	2.067947101	2.180933361	2.440274996	2.509781568	2.621326312	2.733329327	3.045646125	3.304026674	3.518851529	3.664587522	3.791900732	3.93119717	4.055344781	4.187532908	4.328192698
20220202	2.033728792	2.078557848	2.178328005	2.440337751	2.50978466	2.620037484	2.724846531	3.026588046	3.269979575	3.475595106	3.612150667	3.737617529	3.875120684	3.996877915	4.12634688	4.263992555
20220201	2.029853888	2.075604809	2.178413464	2.440337751	2.50978466	2.620467448	2.727705845	3.026568603	3.269981284	3.468248683	3.596628096	3.721340412	3.858408498	3.976291269	4.101231517	4.233921062
20220131	2.034131768	2.078894364	2.178315666	2.440337751	2.50978466	2.621758402	2.736238118	3.036091925	3.28350083	3.482460336	3.611193085	3.744676873	3.891628449	4.011493701	4.137874779	4.272160831
20220128	2.021298129	2.069079019	2.178492068	2.434964025	2.502851433	2.619331154	2.719299169	3.004435201	3.222386171	3.40339339	3.522016445	3.65261488	3.79642948	3.91232691	4.034216643	4.163535684
20220127	2.022880944	2.069581608	2.17558829	2.435042975	2.50183978	2.610498038	2.707917369	2.979136698	3.174974387	3.346279643	3.455704553	3.588203139	3.734321304	3.844808509	3.960066052	4.082122296
20220126	2.024882137	2.070713526	2.177972459	2.434976677	2.501836174	2.610495911	2.707884203	2.985476049	3.188595275	3.360589097	3.47031397	3.603220875	3.749861337	3.8609798	3.976948548	4.099789647
20220125	2.018731401	2.066424476	2.175819531	2.435038927	2.501500844	2.60640621	2.696540462	2.963232283	3.161713319	3.325156375	3.441465003	3.569838443	3.710822855	3.816897629	3.927452547	4.044384977
20220124	2.029340543	2.076207917	2.182430493	2.440227423	2.509778993	2.616592463	2.702260721	2.969333179	3.188789421	3.361040669	3.485989626	3.624120121	3.775747311	3.884881001	3.998100172	4.117973263
20220121	2.023437069	2.072370758	2.185387741	2.44014999	2.509775388	2.617449733	2.707910301	2.981971851	3.215818834	3.411535091	3.538386334	3.673795975	3.822613594	3.946168507	4.076602525	4.215260032
20220120	2.021298129	2.07015893	2.18316078	2.44021224	2.509101638	2.614429358	2.719169224	3.007504806	3.242740075	3.454383533	3.590550208	3.731992884	3.887329255	4.013918927	4.147399703	4.289440123
20220119	2.016242959	2.063699568	2.182653967	2.435290962	2.50921084	2.61444796	2.719215439	3.001066528	3.24286533	3.447325495	3.571463865	3.701420228	3.844502878	3.975091025	4.114363145	4.262703622
20220118	2.021298129	2.071346788	2.187595965	2.435005018	2.506517904	2.611256452	2.713531607	2.991609539	3.222530214	3.418518243	3.537874626	3.668796179	3.813052325	3.939202808	4.07309911	4.215528955
20220117	2.025576009	2.074636779	2.187498167	2.435005018	2.506517904	2.610396525	2.707862455	2.982034753	3.21597028	3.396985321	3.519149587	3.660094188	3.815260193	3.932551757	4.055034587	4.185015014
20220114	2.019159189	2.069134959	2.185368547	2.435067774	2.506520994	2.61039812	2.707848319	2.985305642	3.209080696	3.389582452	3.515487867	3.646206375	3.789666527	3.911589771	4.040563748	4.177597393
20220113	2.020570889	2.070594653	2.186838716	2.435026274	2.506857869	2.613628426	2.713572928	2.98847303	3.208938362	3.38938964	3.515282863	3.658396501	3.815740415	3.94283248	4.076604771	4.2189028
20220112	2.021032901	2.068625815	2.187642579	2.435150774	2.508865209	2.61164124	2.716390378	2.988361523	3.222455061	3.425808219	3.56097596	3.70153745	3.855758282	3.984205582	4.119926125	4.264391407
20220111	2.021298129	2.071346788	2.187595965	2.434859263	2.503832181	2.608069727	2.707915194	2.969232536	3.209102331	3.412019078	3.539036144	3.682679405	3.84074169	3.96881578	4.10371368	4.247264925
20220110	2.014881309	2.065791213	2.185582879	2.439858479	2.503726585	2.606333929	2.6964725	2.969497867	3.181865677	3.386618734	3.524777857	3.660267474	3.808421004	3.937679982	4.074851941	4.220859508
20220107	2.020228659	2.0701869	2.186598791	2.439827607	2.50372504	2.607622756	2.70499716	2.979024619	3.191892892	3.397177015	3.524079343	3.65903358	3.807285267	3.93336499	4.066792425	4.208706161
20220106	2.014924089	2.065835354	2.185627665	2.439857467	2.503726585	2.607193856	2.702171011	2.972680123	3.181866816	3.368279227	3.493920056	3.623987609	3.766635193	3.890737491	4.022306112	4.162149197
20220105	2.015686834	2.061680472	2.186750972	2.439827607	2.50372504	2.607192794	2.702170468	2.972629801	3.188659041	3.382836822	3.509032083	3.639474745	3.782607864	3.91057393	4.046657111	4.191448021
20220104	2.00846449	2.061423496	2.188005893	2.439335682	2.498699223	2.607282081	2.702168292	2.978984591	3.202464397	3.375324414	3.500631158	3.630952668	3.773905077	3.895167792	4.023389336	4.159589462
20220103	2.014881309	2.065791213	2.185582879	2.43934226	2.498701799	2.607283675	2.702122623	2.988746939	3.188515568	3.382379661	3.500976937	3.626769352	3.765133339	3.892140808	4.027519243	4.171520937
20211231	2.025576009	2.074636779	2.187498167	2.434220569	2.493436462	2.603077581	2.704988461	2.985663038	3.174881014	3.364272647	3.486195166	3.613843783	3.753985243	3.872675505	3.998117687	4.131267914
20211230	2.025576009	2.074636779	2.187498167	2.434220569	2.493947955	2.607390502	2.702212876	2.97948323	3.137409905	3.324544965	3.457095162	3.584517763	3.723585939	3.844116186	3.97176371	4.10728885
20211229	2.040278226	2.085565687	2.189320683	2.43421399	2.494456357	2.612991718	2.707930961	2.988801263	3.17478081	3.360264949	3.516514497	3.661110458	3.818248845	3.948477492	4.08595769	4.232312703
20211228	2.038409648	2.084506317	2.187205229	2.434220569	2.494203958	2.61062187	2.708033177	2.963289467	3.14427159	3.33215853	3.472438957	3.606742138	3.753102486	3.879994136	4.014462612	4.157459658
20211227	2.038409648	2.084506317	2.187205229	2.434220569	2.494203958	2.61062187	2.707970107	2.976037931	3.161142272	3.360708138	3.51744585	3.653705053	3.801513349	3.927177512	4.060149368	4.201560486
20211224	2.037340178	2.083400184	2.186091521	2.434223606	2.494205503	2.608473116	2.693714857	2.969791217	3.147839074	3.339409942	3.480028959	3.598119656	3.726412416	3.847875638	3.977632973	4.11545842
20211223	2.025176454	2.071742304	2.187024258	2.429104952	2.489181748	2.600176259	2.685332646	2.925204187	3.107748431	3.268704896	3.391335125	3.510562578	3.640685373	3.755847746	3.877915224	4.007280043
20211222	2.030666686	2.07895992	2.187888444	2.42910242	2.488503363	2.593714052	2.673935623	2.909547947	3.067204594	3.240606301	3.355548101	3.46941288	3.593891441	3.713091397	3.840319874	3.975240617
20211221	2.038409648	2.08459722	2.187024258	2.429104952	2.487150714	2.58243615	2.662492386	2.893734453	3.054152476	3.205342918	3.318772988	3.435823017	3.563678592	3.67578586	3.794365457	3.919856237
20211220	2.041318605	2.087568614	2.190117233	2.429096347	2.488162368	2.590481088	2.668213733	2.906535526	3.047088106	3.204899171	3.311126783	3.427655159	3.555350663	3.667184358	3.785446368	3.910582484
20211217	2.037340178	2.084640924	2.190435306	2.429095842	2.488161853	2.590480557	2.668339328	2.880929377	3.040570302	3.191364319	3.289471725	3.409092713	3.540581707	3.655199675	3.776324737	3.904550921
20211216	2.036001629	2.081493405	2.18929829	2.429098877	2.488501818	2.593712458	2.674044906	2.887144067	3.060707287	3.21962387	3.348657151	3.467105127	3.595734159	3.702812079	3.815513487	3.9346686
20211215	2.031992828	2.079178436	2.184749312	2.429111025	2.487665298	2.588115493	2.668255054	2.893473125	3.081146022	3.241137233	3.363041223	3.48147559	3.610607511	3.718301318	3.831699432	3.951624149
20211214	2.034131768	2.080136414	2.182634316	2.429117603	2.487668903	2.588117619	2.668162082	2.912476308	3.114849809	3.298273334	3.422150641	3.537918751	3.664335801	3.772262256	3.886268	4.006903635
20211213	2.043756997	2.089982352	2.192889853	2.439319993	2.498690982	2.605556912	2.6908463	2.956728245	3.17533307	3.369013031	3.48718326	3.604311043	3.732958809	3.838984697	3.950666876	4.068840161
20211210	2.026816594	2.076162903	2.188354585	2.431729564	2.494496535	2.60567809	2.690853369	2.966360786	3.18205299	3.38333031	3.494420525	3.607262502	3.731629332	3.834222944	3.942300627	4.056562498
20211209	1.994302998	2.040892953	2.182602326	2.434236259	2.493700192	2.603734485	2.693698546	2.963239145	3.168573297	3.339805068	3.441433422	3.550716392	3.671360475	3.779428697	3.894149673	4.015567885
20211208	2.01274237	2.064767243	2.187791561	2.434859263	2.504509535	2.614533527	2.719273614	2.994937041	3.201980458	3.374719152	3.469598859	3.565074624	3.670943375	3.785973774	3.910206279	4.041953877
20211207	2.00846449	2.060343148	2.183337181	2.434984775	2.504515716	2.612817395	2.707906495	2.982179426	3.195402304	3.375345093	3.462688641	3.577905904	3.706164827	3.81770106	3.935814751	4.06094642
20211206	2.00632555	2.059211667	2.185778475	2.440004234	2.506750729	2.615332335	2.724869367	3.014022568	3.229106091	3.403158103	3.490896902	3.615149542	3.753596794	3.874034473	4.001680831	4.137233004
20211203	2.019159189	2.070613009	2.189320683	2.434564715	2.506853234	2.615346685	2.724848707	3.020454556	3.232398583	3.417473146	3.521210342	3.651087932	3.795026199	3.917376702	4.046814745	4.184360189
20211202	2.023171413	2.07098842	2.189320683	2.434564715	2.506853234	2.615346685	2.724817172	3.026832219	3.24260685	3.43186755	3.536034399	3.666315647	3.810771626	3.933791683	4.063990504	4.202380636
20211201	2.012186246	2.064192106	2.187212541	2.435021214	2.507534193	2.619662795	2.72204213	3.020467707	3.228914792	3.424817891	3.52906851	3.659111048	3.803275467	3.922739277	4.048785835	4.182639164
20211130	1.997769791	2.052631684	2.185973615	2.440441502	2.514469995	2.620801215	2.730419448	3.049026807	3.283446743	3.482214987	3.59159343	3.727795809	3.878894015	4.000255027	4.127981598	4.263728379
20211129	2.00525608	2.059239637	2.189216944	2.440347367	2.515142714	2.627693384	2.744657844	3.071363782	3.303760793	3.481197835	3.586067393	3.726267327	3.882046305	3.999094932	4.121326862	4.25107992
20211126	1.995630851	2.052633869	2.192967085	2.445773223	2.525774348	2.639131792	2.758859268	3.096905313	3.320363315	3.502035515	3.615393281	3.752728021	3.904936825	4.025932085	4.153160284	4.288381695
20211125	1.993233955	2.04003287	2.186281632	2.445523718	2.517724903	2.631296255	2.75311291	3.097026542	3.32049711	3.505933116	3.603958499	3.740194384	3.892070315	4.010968506	4.135750546	4.268291441
20211124	2.002689353	2.056531338	2.186660942	2.445213986	2.512351395	2.6262111	2.750359074	3.071391802	3.296697562	3.48486741	3.582474186	3.718001101	3.868995279	3.986857693	4.11047755	4.241735378
20211123	2.014881309	2.067378958	2.189320683	2.434635062	2.510216312	2.624998274	2.741879541	3.058546697	3.296929852	3.496379692	3.610023005	3.73863889	3.881067889	4.001968324	4.12997649	4.26603128
20211122	2.019159189	2.071748859	2.193869661	2.434552569	2.507524407	2.62223726	2.739037081	3.052153023	3.293647607	3.489300415	3.602629445	3.731032679	3.873192992	3.998615491	4.131948034	4.273814082
20211119	2.01274237	2.067465927	2.196166542	2.440012839	2.526554722	2.643460657	2.756121741	3.083830904	3.337631397	3.546684656	3.661850731	3.779424178	3.909687112	4.045716704	4.192716849	4.349590875
20211118	2.011838026	2.061914285	2.195484242	2.440014863	2.526555752	2.643461189	2.756122285	3.083830904	3.337631397	3.546685215	3.661850731	3.779424178	3.909687112	4.045716704	4.192716849	4.349590875
20211117	2.00632555	2.060318674	2.190388692	2.443221487	2.523822639	2.64199166	2.76183439	3.083813749	3.337545996	3.546614797	3.661764556	3.787714359	3.927358291	4.071345676	4.226879295	4.393152128
20211116	2.030923358	2.080058623	2.193299781	2.445887601	2.529136911	2.647495085	2.76753562	3.090237159	3.330415582	3.538875485	3.661706211	3.792250363	3.936567036	4.077944908	4.229967742	4.392387662
20211112	2.021811474	2.071796933	2.188305229	2.44326906	2.523825215	2.64328527	2.770390585	3.090273184	3.330407042	3.538910695	3.653955096	3.779721311	3.919125529	4.05617389	4.203524844	4.360793708
20211111	2.033490086	2.08144402	2.19171125	2.458279868	2.530899578	2.661260823	2.764993282	3.048421806	3.289654257	3.466702831	3.594528801	3.715261662	3.84784648	3.974836598	4.110874102	4.255676654
20211110	2.028218027	2.075889756	2.195651047	2.458176624	2.530894427	2.661256571	2.764990563	3.048420091	3.289653118	3.466702272	3.594527731	3.71526115	3.84784648	3.974835665	4.110873652	4.255675792
20211109	2.027714948	2.077874764	2.194510374	2.445856223	2.529473786	2.649867059	2.767717759	3.058090374	3.303308167	3.488377153	3.620846521	3.748711876	3.889146727	4.018338486	4.156288253	4.303221253
20211108	2.031992828	2.080314288	2.189320683	2.434494874	2.504844864	2.617333339	2.72212423	3.000996192	3.249609731	3.465525842	3.605920764	3.750055858	3.908250807	4.044035152	4.188096975	4.341747207
20211105	2.039821348	2.087046358	2.19334411	2.439483462	2.502722658	2.620589156	2.727804255	3.013736079	3.26304103	3.490641158	3.643770682	3.791693811	3.953596297	4.093166181	4.24141211	4.399695642
20211104	2.033062298	2.082542723	2.195029526	2.439454108	2.505744226	2.62614626	2.733493523	3.026358168	3.290217904	3.53418093	3.704675368	3.859443848	4.028358795	4.178296999	4.338250241	4.509488855
20211103	2.026165073	2.071896141	2.188428162	2.434688708	2.50249962	2.615229229	2.707848319	3.000999051	3.263390605	3.513365043	3.691216226	3.845792008	4.013966151	4.163074794	4.322093488	4.49228985
20211101	2.036270708	2.08468419	2.193869661	2.433797979	2.487114658	2.585066951	2.679195913	2.975926995	3.22304262	3.474423143	3.643316783	3.797997324	3.966581771	4.118534656	4.280803855	4.45454088
20211029	2.056590636	2.100985992	2.197148635	2.438931817	2.493395769	2.600470164	2.687839643	2.982191435	3.222712972	3.477735039	3.639078583	3.799599196	3.975226779	4.126417226	4.287125359	4.459149697
20211028	2.034131768	2.083635308	2.196144149	2.434195264	2.493077438	2.594457585	2.679313353	2.966188665	3.223159335	3.463784384	3.608615269	3.759027966	3.924083636	4.065751551	4.216126986	4.376725362
20211027	2.040143044	2.085673198	2.198407214	2.431204237	2.487121869	2.582493018	2.662256964	2.937830279	3.16913068	3.384640873	3.519011489	3.662236811	3.819288927	3.955951109	4.101007416	4.255659818
20211026	2.029853888	2.080401257	2.196110331	2.426522344	2.486200357	2.59376029	2.673699115	2.96010092	3.185769072	3.405604302	3.540712581	3.680477148	3.833738381	3.974054644	4.123800046	4.283613164
20211025	2.00953396	2.064188609	2.192687401	2.423974656	2.481881256	2.577874498	2.662212381	2.947637229	3.155516055	3.355211594	3.496185815	3.630971523	3.777990622	3.909054372	4.048402755	4.196760443
20211022	2.019159189	2.070613009	2.189275897	2.423612797	2.478862264	2.572978549	2.662241197	2.935017428	3.128361385	3.326618394	3.466874384	3.609046325	3.76420785	3.898417453	4.040669286	4.192189611
20211021	2.025576009	2.077167643	2.196098907	2.423279786	2.476588104	2.573220902	2.662204225	2.944567625	3.141870114	3.348092635	3.489133214	3.627804986	3.77914724	3.916950012	4.063816253	4.220408855
20211020	2.021032901	2.069429958	2.191505143	2.412949861	2.466071852	2.562672184	2.653690983	2.931875201	3.142164463	3.355961606	3.497326457	3.6402688	3.796439677	3.938480143	4.089913345	4.251535755
20211019	2.023437069	2.074982473	2.193643903	2.383126129	2.441413055	2.525851053	2.610978515	2.891052552	3.095767242	3.307279059	3.447261879	3.588623101	3.742814812	3.882324127	4.030861881	4.189242246
20211018	2.052312756	2.097155391	2.191411915	2.381557231	2.43239883	2.510877273	2.588292121	2.849906817	3.055827475	3.258285776	3.404306643	3.552917627	3.714573849	3.850084721	3.99316189	4.145527321
20211015	2.038409648	2.085733071	2.191572778	2.428340746	2.477079508	2.579666632	2.673508276	2.976238073	3.195945454	3.419679029	3.570700048	3.732957678	3.910699028	4.05920087	4.216417553	4.384528887
20211014	2.042687527	2.090102974	2.196121757	2.429220847	2.493186124	2.597914831	2.701913298	3.02052775	3.263443553	3.50556258	3.675106472	3.850079804	4.041713296	4.203824669	4.376062508	4.560892478
20211013	2.044554821	2.090959997	2.198429607	2.436887189	2.501753758	2.613477487	2.72749489	3.06181244	3.317545652	3.570079196	3.734000182	3.915031281	4.114283463	4.29079063	4.47955403	4.682798462
20211012	2.050173817	2.095478054	2.194995708	2.431921882	2.50186708	2.610057976	2.704862322	3.01702298	3.283905062	3.542503148	3.697835265	3.872762365	4.065424424	4.23899629	4.424809864	4.624722259
20211011	2.042687527	2.090102974	2.196121757	2.429290689	2.49481538	2.590268499	2.684878658	2.985501782	3.222781862	3.477629411	3.654558871	3.829034794	4.019546268	4.190532838	4.373389477	4.56996767
20211008	2.038024638	2.085339741	2.191140914	2.423978705	2.481627312	2.574948727	2.659428097	2.928384155	3.155497266	3.392073361	3.581398313	3.749858108	3.932288721	4.095042872	4.26872581	4.455036855
20211007	2.06793814	2.11141537	2.190675231	2.41817682	2.469898004	2.554843022	2.633825844	2.890559632	3.101760114	3.34282579	3.530819887	3.697498368	3.877705349	4.03436459	4.200932648	4.379316178
20211006	2.04722208	2.093598808	2.196326493	2.412088991	2.451548133	2.539135806	2.622484278	2.868337023	3.102261703	3.343743465	3.539340707	3.710759296	3.895885887	4.053613278	4.221011379	4.400333201
20211005	2.031992828	2.08258599	2.198316728	2.409420347	2.44857653	2.532052306	2.605500746	2.836846703	3.048553017	3.272566168	3.457851485	3.622135493	3.799317625	3.952158046	4.114344733	4.287798525
20211004	2.029254985	2.078653559	2.190845691	2.407157591	2.448302498	2.529295544	2.602667529	2.83048448	3.048823454	3.251097516	3.442685933	3.598696593	3.766041346	3.910284959	4.063196048	4.226408046
20211001	2.03793908	2.086388185	2.195542281	2.409205256	2.442874904	2.524167871	2.59983105	2.821143002	3.021852112	3.222679802	3.405849263	3.556298223	3.717707201	3.85951019	4.010015195	4.170522077
20210930	2.029586521	2.075832942	2.196031271	2.406141351	2.431855401	2.511177025	2.591213962	2.821446645	3.001711142	3.208563161	3.37640027	3.525246484	3.685655519	3.826085014	3.975004404	4.133730094
20210929	2.025576009	2.077167643	2.196020303	2.403382115	2.426542675	2.505290405	2.582742583	2.802558401	2.974943624	3.187733303	3.355243003	3.499354066	3.654379287	3.793092595	3.940439116	4.097398257
20210928	2.029853888	2.079265407	2.191459899	2.401039397	2.426602942	2.503514216	2.571481485	2.799328111	2.988767767	3.188002681	3.351193753	3.490985905	3.641395268	3.779298449	3.926101208	4.082446902
20210927	2.035201238	2.082455754	2.188003608	2.390970111	2.420103428	2.488755682	2.565731866	2.767797763	2.955520022	3.138932832	3.304117539	3.438798943	3.583074015	3.711887888	3.848487171	3.993603373
20210924	2.039479117	2.086825656	2.19255213	2.390845611	2.420774086	2.49351079	2.565781886	2.767816061	2.948652073	3.146142889	3.296910248	3.438680699	3.591742812	3.721520636	3.85844188	4.003922169
20210923	2.046693334	2.091891317	2.191426081	2.393344714	2.422074195	2.504586201	2.577244697	2.773981574	2.961819768	3.167249389	3.318777806	3.461127286	3.61493827	3.739431834	3.870142684	4.008884516
20210922	2.044826467	2.090016004	2.189185411	2.401392652	2.432648653	2.516352529	2.594327727	2.790605929	2.988421608	3.188047392	3.332324194	3.474757208	3.629173588	3.754353862	3.885837764	4.025439485
20210921	2.048967883	2.094222892	2.193745357	2.405046666	2.457758161	2.548653463	2.62267566	2.849401888	3.054956953	3.268359511	3.434178495	3.578421682	3.73416204	3.862032521	3.996733568	4.139964107
20210920	2.058430124	2.101969756	2.194045606	2.417509785	2.459832978	2.548588623	2.62261096	2.85252696	3.061700216	3.275614277	3.414928897	3.55123421	3.699632517	3.824191984	3.955642435	4.095287881
20210917	2.030655563	2.076626595	2.192642616	2.412190716	2.451891189	2.53986871	2.611365629	2.830462178	3.035060799	3.236816005	3.374803586	3.510017748	3.657019302	3.782931854	3.9160212	4.057405093
20210915	2.043500325	2.090933337	2.196873065	2.400890605	2.427948379	2.515602087	2.588474805	2.8181586	3.015261433	3.230448735	3.368674844	3.507662593	3.658861054	3.788198728	3.924911099	4.070249956
20210914	2.057660106	2.10244219	2.197504182	2.403319866	2.427892234	2.515591989	2.588435114	2.82450081	3.022187453	3.208493302	3.375580249	3.520413855	3.676323439	3.816112407	3.964684577	4.123015897
20210913	2.054451696	2.098017221	2.189553296	2.401652785	2.43869076	2.526619034	2.599800603	2.843405066	3.042019842	3.243718121	3.408446885	3.560149747	3.724129775	3.866500633	4.017442379	4.178438264
20210910	2.043756997	2.088923419	2.188071245	2.406359985	2.433218352	2.521097539	2.594127645	2.830823005	3.021856667	3.229868063	3.38304393	3.535446372	3.700791561	3.842275911	3.991999174	4.151627521
20210909	2.014874465	2.063763375	2.189481089	2.40603001	2.427849995	2.515590926	2.588403579	2.830849309	3.028654586	3.251560266	3.413325254	3.571000476	3.741947596	3.888696472	4.044173597	4.210170346
20210908	1.997769791	2.054443627	2.189208261	2.405746596	2.423814714	2.515631318	2.588432396	2.830840161	3.032056392	3.255092919	3.432217834	3.589132764	3.758385924	3.907279919	4.065477917	4.234488694
20210907	2.00846449	2.064231876	2.196031271	2.405558834	2.421460713	2.500785091	2.568634676	2.799216031	3.008970226	3.231184215	3.399923923	3.54927965	3.710382936	3.855019203	4.008873586	4.173045988
20210906	2.00953396	2.064188609	2.192597373	2.400279747	2.413862494	2.496303161	2.568547684	2.792938439	3.002244614	3.23142006	3.400387994	3.549710827	3.710782556	3.855407147	4.009250829	4.173412896
20210903	2.012143467	2.065718229	2.190868085	2.410345997	2.417008201	2.504086083	2.574370703	2.802303935	3.018983777	3.245343332	3.429864287	3.57670055	3.734187289	3.876327118	4.027630172	4.189035049
20210902	2.017825347	2.064408875	2.192597373	2.399988742	2.407820904	2.484253557	2.551571763	2.761499584	2.958909871	3.18230662	3.349843288	3.485504479	3.631088657	3.768102258	3.914290825	4.069950387
20210901	2.021298129	2.072797741	2.19148275	2.405246573	2.414770613	2.503289402	2.568682522	2.802397715	3.012364631	3.231050643	3.40731695	3.549090566	3.701276641	3.841716169	3.991454868	4.151099603
20210831	1.982797213	2.043693467	2.191459899	2.40045688	2.417222997	2.504597894	2.577033741	2.818212924	3.028910219	3.26657558	3.436785749	3.58718738	3.749630695	3.889616144	4.037945954	4.196109071