DATE 	1	7	30	90	180	270	360	720	1080	1440	1800	2160	2520	2880	3240	3600
20220831	8.229388491	8.229388491	8.251715033	8.49187798	8.672477518	8.782200916	8.918005276	9.089089826	9.150104691	9.365400256	9.70310131	10.12607413	10.58309673	11.08051907	11.631799	12.24426745
20220830	8.193666924	8.215430908	8.250131256	8.492438211	8.68059314	8.782050776	8.918062756	9.069413967	9.13030998	9.31338419	9.614477459	10.02019343	10.45957254	10.94933868	11.49301748	12.09686763
20220829	8.228230609	8.241319082	8.249617043	8.501005	8.680406186	8.78202039	8.918039404	9.069554873	9.109991017	9.313367667	9.615197172	10.0208566	10.46017486	10.94521468	11.48319006	12.08060793
20220826	8.178631721	8.204705462	8.252668043	8.491273843	8.663505465	8.780906852	8.908722463	9.069748621	9.099947379	9.32410796	9.615754423	10.03884318	10.4988677	10.97794363	11.50670122	12.09374508
20220825	8.208874945	8.227572141	8.24565931	8.482652612	8.663386168	8.771519528	8.899328283	9.050143214	9.090137117	9.324679673	9.639014326	10.05800979	10.51193495	10.98169845	11.49982355	12.07490238
20220824	8.190514716	8.201497497	8.24565931	8.482652612	8.663386168	8.771519528	8.899328283	9.050143214	9.090137117	9.324618536	9.650108958	10.08821167	10.56336666	11.05138498	11.58949383	12.18709855
20220823	8.191593103	8.214797257	8.24565931	8.482652612	8.663386168	8.771519528	8.899328283	9.05029645	9.06991455	9.315186906	9.628428202	10.06496746	10.53912157	11.02580726	11.56238844	12.15826395
20220822	8.208874945	8.227572141	8.24565931	8.482652612	8.665727557	8.788917892	8.908832032	9.069792653	9.089621322	9.344997004	9.67206103	10.11107418	10.5872709	11.07663811	11.61628994	12.21563689
20220819	8.208874945	8.227572141	8.24565931	8.482652612	8.665727557	8.788917892	8.908779941	9.079384878	9.129846609	9.386963459	9.715494027	10.16849448	10.66075633	11.14567242	11.67839165	12.26994623
20220818	8.174311261	8.202020648	8.24565931	8.482894969	8.676181005	8.807610321	8.927412028	9.147888431	9.209784771	9.448156694	9.77852825	10.22241447	10.70413228	11.19086411	11.72684163	12.32207612
20220817	8.220749298	8.220752194	8.243143092	8.483527205	8.676186347	8.806167905	8.91802683	9.138035529	9.210008001	9.448612744	9.76771955	10.19236209	10.65267567	11.1447587	11.68928867	12.29416347
20220816	8.217515865	8.230695504	8.238821984	8.482429573	8.655309718	8.779653897	8.899364207	9.069463284	9.150591736	9.366338792	9.681422178	10.11440273	10.58435271	11.06383081	11.5921419	12.17871023
20220815	8.243438629	8.253125361	8.24565931	8.482408499	8.653530976	8.756298192	8.852946547	8.991429153	9.051073638	9.284874494	9.574917591	10.03812436	10.54431051	11.00509651	11.50726342	12.06439811
20220812	8.226156787	8.240348751	8.24565931	8.482408499	8.653530976	8.757913986	8.861861138	8.991376313	9.050936655	9.284520891	9.619390356	10.07463505	10.56882484	11.04875921	11.57522351	12.15970885
20220811	8.217515865	8.236204986	8.254188401	8.482631537	8.660008518	8.740186742	8.852357389	8.961986698	9.031226501	9.264542294	9.576121447	10.04038421	10.5463898	11.02597339	11.55084235	12.13351923
20220810	8.190514716	8.201497497	8.24565931	8.482652612	8.660019201	8.737559293	8.833445093	8.971825508	9.051246132	9.327853843	9.620550346	10.11573543	10.65880152	11.16115625	11.7099415	12.31961857
20220809	8.195913563	8.213329673	8.235009947	8.483240943	8.66223239	8.759216986	8.87120143	9.00073428	9.110677617	9.410810216	9.752204285	10.27385355	10.84465821	11.38777775	11.98332215	12.64594612
20220808	8.189346463	8.21116801	8.245734728	8.482169655	8.644391552	8.748644628	8.852132864	9.04005077	9.171220177	9.473482307	9.81724493	10.34197993	10.91634761	11.47354034	12.08587019	12.76756288
20220805	8.187272642	8.210480834	8.241309063	8.464669029	8.637087848	8.747161101	8.843626013	9.059874583	9.181250285	9.494133413	9.861646212	10.40182547	10.99265005	11.56010739	12.18332624	12.87740428
20220804	8.181223998	8.204439572	8.235337329	8.465413663	8.664945906	8.776672547	8.88027768	9.108267228	9.271154294	9.576914636	9.97009386	10.52911036	11.14031038	11.71776689	12.35120151	13.05691843
20220803	8.173238059	8.184230082	8.228513713	8.465431225	8.664953028	8.779569891	8.899053464	9.127823316	9.290862758	9.608068095	9.991571538	10.55109661	11.16360918	11.75246786	12.39968956	13.12110782
20220802	8.169126708	8.190932621	8.225750673	8.465842176	8.655676505	8.771751887	8.899231289	9.088883749	9.210589752	9.492525673	9.859149147	10.399502	10.99049136	11.55800154	12.18127087	12.87540165
20220801	8.182952182	8.204702009	8.23955388	8.48363609	8.672680497	8.777904052	8.889617971	9.108313021	9.250747394	9.555714948	9.91413655	10.46264588	11.06382115	11.6167343	12.22125705	12.89410379
20220729	8.181223998	8.202952995	8.237882686	8.482434842	8.654428359	8.76878841	8.880459096	9.059106641	9.231618989	9.47244628	9.825369732	10.36364811	10.95294401	11.48907953	12.07435611	12.72536293
20220728	8.174311261	8.195962118	8.231199622	8.482452405	8.653552341	8.756312491	8.852955527	9.049879014	9.171245543	9.451973629	9.794290459	10.3180821	10.89134611	11.40354618	11.9613651	12.58128519
20220727	8.194833448	8.202609407	8.235186493	8.482441868	8.653547001	8.757922923	8.861712052	9.020443605	9.130991507	9.410375648	9.751128777	10.26065544	10.81742647	11.33404579	11.89882155	12.5265995
20220726	8.191593103	8.210309904	8.228513713	8.463725945	8.597914568	8.69296414	8.795904302	8.932942304	9.052264196	9.35015565	9.756447831	10.2629805	10.81206634	11.33206917	11.90171187	12.53499234
20220725	8.178631721	8.196065711	8.217866063	8.463759313	8.597930593	8.691528874	8.786587361	8.913389738	9.032579408	9.308964146	9.645444632	10.13762785	10.67442589	11.17683392	11.72631139	12.33677756
20220722	8.163423701	8.185165881	8.220238301	8.463754043	8.597043893	8.687891555	8.814689068	8.933120199	9.021908359	9.308101618	9.645074214	10.13728593	10.67410996	11.17652779	11.72601733	12.33649039
20220721	8.187272642	8.200537526	8.208709632	8.447005075	8.614257985	8.691380522	8.786382593	8.942932589	9.042624737	9.287042382	9.621876048	10.08901159	10.59692194	11.0885748	11.62786345	12.22680769
20220720	8.209865194	8.209237706	8.2134164	8.446987514	8.614537529	8.691375159	8.786379001	8.942930829	9.042623046	9.28704073	9.621874423	10.08901159	10.59692194	11.0885748	11.62786345	12.22680619
20220719	8.195913563	8.209061596	8.217500972	8.464245782	8.612703589	8.681978898	8.776817774	8.942927305	9.05269036	9.31873616	9.666616877	10.13614408	10.64610002	11.14043012	11.68277361	12.2851812
20220718	8.174311261	8.191695766	8.213688935	8.464256319	8.61270893	8.681982473	8.77692375	8.92316514	9.052999839	9.298322994	9.622213972	10.0887476	10.5966807	11.09783648	11.64861379	12.2605196
20220715	8.191593103	8.204693377	8.213323842	8.463525735	8.587911591	8.672850745	8.767662491	8.904192053	8.972980501	9.204314033	9.513350416	9.96860327	10.464279	10.96220753	11.51020708	12.11893718
20220714	8.174311261	8.197533295	8.228513713	8.463970057	8.604575503	8.682034307	8.776911178	8.933370308	9.012607128	9.266482156	9.578470669	10.05463034	10.57435928	11.07513681	11.62427987	12.234336
20220713	8.199153909	8.199710498	8.219941772	8.455359363	8.604773141	8.682071842	8.776938121	8.933386161	9.012617275	9.266308658	9.611850424	10.10322116	10.63836021	11.1482428	11.70691099	12.32774389
20220712	8.16567034	8.188902177	8.219941772	8.455117006	8.597086625	8.682139763	8.777092595	8.913650416	9.012481984	9.309459852	9.579437328	10.06529984	10.59906505	11.10222507	11.65287386	12.2646397
20220711	8.174311261	8.193045942	8.211368116	8.446504555	8.59802674	8.690191912	8.777642234	8.933074404	9.052561835	9.350757105	9.689529107	10.17755616	10.70956089	11.22310238	11.78655274	12.41281032
20220708	8.157202237	8.178874266	8.214223716	8.4656367	8.642755252	8.729766312	8.833317563	9.010754506	9.151190398	9.516818564	9.909485218	10.4219097	10.97919525	11.52866132	12.13333132	12.80633346
20220707	8.191593103	8.205822552	8.211368116	8.447236895	8.625877678	8.722284336	8.833430724	9.000834676	9.171850969	9.495820464	9.908862984	10.40409327	10.94005262	11.49067622	12.09886221	12.77584689
20220706	8.104127973	8.110628177	8.211368116	8.447236895	8.625877678	8.722284336	8.833534904	8.981054897	9.171938908	9.507059768	9.909467349	10.40407101	10.94003083	11.49065776	12.09884087	12.77582421
20220705	8.131106655	8.157176474	8.20563292	8.447716341	8.62588658	8.720847281	8.824056304	8.991073364	9.161749832	9.517320878	9.954978255	10.44093635	10.96473816	11.50115927	12.0933055	12.75209365
20220704	8.135427117	8.163179755	8.207019582	8.429497425	8.605496033	8.682173724	8.777117741	8.913055085	9.092509776	9.467328945	9.89193591	10.37413313	10.89439192	11.42160348	12.0028856	12.64935888
20220701	8.130069745	8.157827391	8.201730038	8.428085434	8.572834124	8.619697615	8.729898971	8.845201464	9.013839964	9.332686976	9.716052901	10.17664649	10.67423291	11.17828754	11.7336355	12.35072935
20220630	8.168435435	8.187177335	8.20539981	8.409343166	8.550041652	8.625120527	8.711760842	8.835864633	8.964325283	9.227888151	9.583084633	10.03705407	10.52846202	11.03386143	11.59136028	12.21083819
20220629	8.155959674	8.164486766	8.19413853	8.410135217	8.558166178	8.626591541	8.720756262	8.83609889	8.92361464	9.238322758	9.584558178	10.0378381	10.52918261	11.02508429	11.57110969	12.17763109
20220628	8.194358197	8.208583336	8.2139289	8.411485742	8.577272968	8.647736257	8.758214427	8.894143643	9.032936237	9.373161357	9.759073243	10.2216209	10.72142974	11.22827083	11.78679652	12.4074917
20220627	8.1699908	8.188731247	8.206935595	8.411503305	8.57728187	8.645108808	8.739571561	8.855209362	8.973394829	9.279705934	9.616048481	10.04007887	10.49849728	10.98595321	11.52499546	12.1236301
20220624	8.15702942	8.175783708	8.19413853	8.411536672	8.577299675	8.645119532	8.739578748	8.855212885	8.973930918	9.205898638	9.559490056	9.976572392	10.42560639	10.90388856	11.43272584	12.01983735
20220623	8.144068038	8.167323519	8.198488778	8.428166217	8.572837684	8.618383889	8.720526347	8.836146447	8.914166281	9.143758607	9.472784899	9.861243565	10.27895459	10.73814717	11.24694182	11.81144476
20220622	8.147322209	8.150261566	8.202755037	8.427047513	8.558951389	8.634325539	8.721126281	8.806732172	8.884023528	9.144637659	9.452324244	9.850624961	10.28103079	10.74117442	11.24987024	11.81426201
20220621	8.173792806	8.192527972	8.210646503	8.400137117	8.53743199	8.58620031	8.664763003	8.691618444	8.715909696	8.939129582	9.238192448	9.639618964	10.07369623	10.52781708	11.02875318	11.58433191
20220620	8.16567034	8.184414824	8.202628198	8.399836805	8.529332393	8.584915183	8.655149688	8.699979495	8.755979397	8.98080853	9.281255029	9.684397764	10.12042771	10.57248271	11.070778	11.62341533
20220617	8.175002535	8.189249218	8.194779584	8.400035258	8.529343076	8.584920546	8.655155077	8.700134494	8.73583124	8.98077383	9.281934128	9.690957856	10.13372531	10.6007308	11.11637572	11.68851007
20220616	8.137673756	8.160935214	8.192050823	8.400611293	8.537455138	8.580439582	8.626756994	8.680629484	8.725971936	9.023287215	9.34971066	9.768188841	10.22040562	10.68766241	11.20274735	11.77429744
20220615	8.151640941	8.153397015	8.189832848	8.400667492	8.537456919	8.583329776	8.645658514	8.729099627	8.815492057	9.105420716	9.47910148	9.917221438	10.38910491	10.85706325	11.37117266	11.94169465
20220614	8.15910324	8.177853863	8.196186816	8.409070953	8.537262843	8.580407408	8.626731848	8.700083414	8.756204318	9.001882637	9.325657935	9.803125115	10.32302468	10.75372022	11.21823355	11.73307536
20220613	8.144068038	8.167323519	8.198404789	8.409014757	8.537261061	8.580405621	8.626731848	8.680844365	8.696368653	8.9395278	9.283274451	9.759962087	10.27756787	10.70569049	11.16731682	11.67891717
20220610	8.148388498	8.171638216	8.202669335	8.40890587	8.538425524	8.588368403	8.626731848	8.671104189	8.676281377	8.939488143	9.328335332	9.797065975	10.30275144	10.74033762	11.21451893	11.74018652
20220609	8.118145274	8.150403144	8.206851607	8.393755052	8.555559493	8.577268768	8.608491334	8.63325665	8.597327453	8.815864063	9.154411636	9.625544582	10.13675711	10.56662973	11.0309198	11.54545554
20220608	8.112767166	8.118081774	8.202585347	8.390765985	8.516729854	8.53734583	8.551285635	8.583368632	8.659579748	8.724953263	9.010727273	9.456364149	9.941014387	10.35078815	10.79346027	11.2837451
20220607	8.106220804	8.138491545	8.195163529	8.406064324	8.481591237	8.521961844	8.552192721	8.565626719	8.658991234	8.839613329	9.154939643	9.624900501	10.13616103	10.59374877	11.09133788	11.6431951
20220606	8.152708959	8.171467286	8.189875699	8.409232526	8.538441548	8.591267533	8.645638756	8.69994603	8.755982779	8.991018418	9.347509279	9.791727252	10.2713315	10.74310489	11.26098361	11.83569677
20220603	8.124539555	8.152302369	8.196186816	8.408566922	8.525644931	8.558099108	8.636221225	8.68080914	8.716327404	8.960301179	9.327097362	9.758963363	10.22371757	10.68259239	11.18635308	11.74517568
20220602	8.128860017	8.156618791	8.200453074	8.407952249	8.515189701	8.537982137	8.60826142	8.623763061	8.697359657	8.920614969	9.262833291	9.673052381	10.11444036	10.56155358	11.05337964	11.5987507
20220601	8.134364283	8.138489819	8.206935595	8.407787165	8.521029816	8.585031364	8.655173037	8.709992678	8.735773742	8.980512758	9.281766789	9.673004671	10.09542935	10.52686029	11.00167673	11.52797462
20220531	8.113824814	8.146086722	8.202669335	8.407388506	8.51596957	8.602990965	8.664682174	8.700183811	8.715373605	9.001261353	9.348955203	9.768630952	10.22081027	10.66022498	11.14180666	11.67573718
20220530	8.15702942	8.175783708	8.19413853	8.409123639	8.540775812	8.61871098	8.72071854	8.84629349	8.894112826	9.122491174	9.461881972	9.880368822	10.33177146	10.8099349	11.33833229	11.9249105
20220527	8.161349879	8.180098402	8.198404789	8.409014757	8.540770472	8.615863682	8.702355885	8.817090576	8.854487891	9.081663188	9.397213368	9.81188781	10.26034978	10.72063134	11.22771207	11.79028206
20220526	8.180359907	8.199088934	8.21717016	8.408033034	8.531467241	8.608111811	8.702284037	8.758446969	8.794550757	9.062462849	9.345171428	9.773659563	10.24009366	10.71910694	11.24698296	11.83293543
20220525	8.127453274	8.135996653	8.165820784	8.373558646	8.503270882	8.571161289	8.664621103	8.739246671	8.795443676	9.062996557	9.456899217	9.859371752	10.28899005	10.77684908	11.3190614	11.92117884
20220524	8.131106655	8.149888627	8.168379855	8.372987877	8.492819213	8.552572527	8.645861485	8.700049949	8.795910428	9.0854289	9.45821842	9.895368775	10.36615784	10.83278226	11.34538062	11.91419162
20220523	8.119873459	8.138667656	8.157289981	8.374786236	8.521839953	8.583748024	8.645841727	8.758306062	8.874879572	9.252143037	9.589324858	10.02959703	10.50675537	11.00495805	11.55514051	12.16634695
20220520	8.109504353	8.132797321	8.164113595	8.374614126	8.521831051	8.586631069	8.664739653	8.758209189	8.874607299	9.251802652	9.611437766	10.05375407	10.53183778	11.0455843	11.61450578	12.24688672
20220519	8.113997633	8.137284674	8.168635247	8.392641616	8.540010188	8.609464859	8.711527334	8.796784161	8.934052312	9.270938551	9.675050359	10.11048895	10.57777238	11.08378628	11.64444361	12.2675038
20220518	8.138683015	8.140444294	8.176994648	8.392429114	8.540001286	8.610773222	8.720740095	8.835889292	8.973352551	9.375694414	9.718520723	10.15236063	10.62204948	11.15955188	11.75816596	12.42419725
20220517	8.113997633	8.137284674	8.168635247	8.392641616	8.540010188	8.61078037	8.720537124	8.874617498	9.074005399	9.437490758	9.894197402	10.37797695	10.89792332	11.46384331	12.09220241	12.79209903
20220516	8.111405356	8.13469482	8.166076177	8.391695018	8.522625165	8.601584297	8.711229162	8.85593327	8.952854328	9.417398147	9.809068142	10.27305362	10.77456878	11.34184001	11.97359377	12.6773093
20220513	8.126786197	8.150059557	8.181259193	8.39232023	8.538824361	8.602756818	8.720756262	8.816352578	8.953738791	9.312382864	9.74135822	10.20495429	10.70316888	11.2756776	11.91407919	12.62532603
20220512	8.162213972	8.176474334	8.182196775	8.409427465	8.53845045	8.600063235	8.701860131	8.816428316	8.953537546	9.375995143	9.809469427	10.32462311	10.88232852	11.48875804	12.16272218	12.91456671
20220511	8.137818923	8.146357794	8.176057065	8.373804515	8.511366919	8.57371903	8.683098717	8.797212164	8.93419775	9.334623532	9.765602651	10.27875335	10.83415586	11.41805477	12.0647359	12.78545792
20220510	8.139747576	8.154032391	8.15984905	8.374723012	8.519496785	8.571036171	8.664423521	8.758149303	8.894588034	9.293688144	9.722913737	10.22179901	10.7607498	11.36827452	12.04534464	12.8006808
20220509	8.134735843	8.149025343	8.154902316	8.372826306	8.487913874	8.568669678	8.646030329	8.778066467	8.894633696	9.314400387	9.767709802	10.29410476	10.86341088	11.4595055	12.11968567	12.85580175
20220506	8.135427117	8.154205049	8.172646114	8.37338478	8.506166013	8.584546983	8.645927945	8.777462328	8.954941187	9.356487465	9.833221593	10.40072337	11.01620566	11.64421942	12.33887685	13.11440928
20220505	8.078397037	8.110697239	8.167527974	8.374526316	8.521827491	8.583739087	8.645834542	8.777413011	8.954449066	9.419670132	9.957894475	10.57737357	11.24970896	11.91556656	12.65103395	13.47338772
20220504	8.104127973	8.10708353	8.15984905	8.373711435	8.506182036	8.589823331	8.683330428	8.796692571	8.993781436	9.492955285	10.03556504	10.67141589	11.3628475	12.05231382	12.81492491	13.66849957
20220503	8.113824814	8.137112016	8.168379855	8.373999455	8.513717209	8.589748261	8.683222656	8.806300646	9.023722946	9.545739695	10.10283956	10.74892359	11.45157445	12.15252191	12.92818559	13.79679826
20220502	8.183989092	8.189250944	8.169403141	8.374478899	8.525329777	8.619198935	8.720869421	8.854592895	9.113596513	9.607474901	10.18938713	10.84142806	11.54953996	12.25730625	13.04087339	13.91860545
20220429	8.182952182	8.188215003	8.168379855	8.375009273	8.532273817	8.609589976	8.711412376	8.835382027	9.053573131	9.523178469	10.07764634	10.71025482	11.39713739	12.10382611	12.88811561	13.76665781
20220428	8.200234024	8.19650426	8.151319959	8.376632011	8.559255858	8.62806613	8.730405502	8.815614579	9.023051566	9.502248116	10.0447166	10.68125046	11.37345259	12.06884057	12.8386692	13.70054894
20220427	8.190514716	8.186635192	8.142703454	8.358418364	8.526910882	8.624448472	8.702625317	8.83562333	9.02355214	9.480789011	10.03299324	10.67583064	11.37465567	12.07058031	12.84039242	13.70225531
20220426	8.19850584	8.199265043	8.16654754	8.344811256	8.45325778	8.554606567	8.655176631	8.777481703	8.994525534	9.504635766	10.05937894	10.69062066	11.37595679	12.11141882	12.93132427	13.85096854
20220425	8.205418576	8.206171319	8.173244316	8.319957381	8.467266932	8.535608495	8.6362338	8.758237371	8.954925966	9.44152415	10.03824243	10.68316043	11.38154726	12.10787166	12.91518598	13.82028549
20220422	8.202307844	8.203063494	8.17013161	8.310461556	8.446564794	8.499789385	8.60785368	8.738910256	8.955504333	9.463913531	10.0391896	10.74547418	11.51715197	12.26784622	13.09788617	14.02928416
20220421	8.195913563	8.196675191	8.163818779	8.309611552	8.430356695	8.499925226	8.607952471	8.738658384	8.995623081	9.527573727	10.12931299	10.84157277	11.61882165	12.39730225	13.26121796	14.23188353
20220420	8.181875524	8.182955874	8.168169027	8.329662194	8.483305881	8.536768505	8.645329807	8.796812341	9.054628398	9.610368171	10.21711477	10.89641675	11.63501098	12.42237389	13.30125749	14.28930031
20220419	8.174311261	8.175096533	8.142789156	8.375678389	8.521857759	8.592338176	8.701364376	8.93325406	9.193805257	9.733166074	10.39173706	11.09602489	11.86088653	12.62401605	13.47033794	14.42061273
20220418	8.122465735	8.141255783	8.15984905	8.373711435	8.503278004	8.573799461	8.682741271	8.874827097	9.113887387	9.650183263	10.23548289	10.90237092	11.62785948	12.35212746	13.15431691	14.05353465
20220413	8.113824814	8.137112016	8.168379855	8.373493666	8.503267321	8.573790524	8.682840063	8.855380212	9.074013856	9.565387823	10.16818238	10.84534821	11.58139881	12.29301168	13.07849491	13.95843854
20220412	8.16567034	8.170952766	8.151277108	8.365364173	8.503475643	8.576468022	8.701409282	8.913794846	9.174022383	9.691088909	10.3468224	11.03597258	11.78307595	12.4981764	13.28692925	14.17063986
20220411	8.168917598	8.170006608	8.155543368	8.365255288	8.5034703	8.576464447	8.70140569	8.913794846	9.173868491	9.712468704	10.36994908	11.07297788	11.83637218	12.5664308	13.37200427	14.27512634
20220408	8.24654936	8.2427694	8.196999272	8.362178409	8.463967623	8.522052999	8.654203085	8.865405723	9.124822253	9.650779764	10.28150394	10.99106339	11.76363693	12.48952231	13.28897853	14.18504355
20220407	8.206628305	8.207378191	8.174649833	8.362243389	8.455885831	8.522135219	8.654109683	8.894842894	9.155120591	9.649778436	10.30248447	11.01455249	11.78857149	12.54219135	13.37577679	14.31129881
20220406	8.204554484	8.205308036	8.172646114	8.371363383	8.464978959	8.530051529	8.654386298	8.845684068	9.115084711	9.608666247	10.23627572	10.91814377	11.65823353	12.37499019	13.16644808	14.05328376
20220405	8.187272642	8.188044073	8.155500517	8.353659038	8.447987432	8.520932313	8.64513402	8.82657712	9.054970009	9.545810746	10.12447644	10.82318384	11.58595895	12.29973375	13.08516842	13.96505246
20220404	8.181875524	8.182955874	8.168295867	8.353334138	8.453209706	8.553131978	8.645421414	8.836104175	9.075069122	9.545529846	10.10051795	10.82208493	11.61312534	12.33595448	13.12968285	14.01914263
20220401	8.182952182	8.183727651	8.151319959	8.372917629	8.485900102	8.564610537	8.673438699	8.855075501	9.134903096	9.608251505	10.18903458	10.92939693	11.74108517	12.47890235	13.2890852	14.19753986
20220331	8.226156787	8.218312552	8.159185714	8.372699859	8.487908532	8.571300703	8.664098406	8.854922265	9.154741777	9.693337762	10.34943968	11.08931529	11.89605263	12.63291318	13.44249053	14.3502296
20220330	8.174311261	8.175096533	8.142789156	8.375191921	8.504469173	8.585773126	8.710591507	8.971781475	9.335145074	9.881848085	10.54758507	11.31196566	12.14753821	12.88236358	13.68653975	14.58797519
20220329	8.15702942	8.161631022	8.144016412	8.393428398	8.542666729	8.632607865	8.757497739	9.049861401	9.394194361	9.964748278	10.61261435	11.3283158	12.1079816	12.85771804	13.68604457	14.61542836
20220328	8.223514393	8.219614384	8.175417725	8.381879565	8.506117938	8.598447443	8.738808173	8.991492561	9.31421223	9.859534712	10.5013577	11.18519921	11.92748658	12.65202725	13.45297616	14.35074498
20220325	8.208874945	8.209622729	8.176824957	8.356149342	8.503630548	8.573844146	8.682256294	8.972151355	9.315642928	9.818219284	10.40994435	11.11204264	11.87875673	12.59161474	13.37563966	14.25388506
20220324	8.208874945	8.209622729	8.176782106	8.34758431	8.503817502	8.573874532	8.682277849	8.972468394	9.275426097	9.732100306	10.41099549	11.05436789	11.74630678	12.49675353	13.33476976	14.27541956
20220323	8.1699908	8.175267463	8.155457666	8.348125221	8.503844211	8.57784073	8.710564565	8.972320442	9.275006695	9.732130049	10.34163494	11.01597584	11.748632	12.44036811	13.20178719	14.05400169
20220322	8.191593103	8.192358769	8.159679359	8.33844324	8.485469216	8.560660426	8.70160507	8.874612214	9.154887215	9.586067018	10.16466992	10.8408301	11.57713435	12.24790458	12.98310947	13.80519714
20220318	8.147322209	8.145535946	8.134047523	8.332059419	8.504672154	8.579234886	8.720517366	8.884262562	9.15428517	9.606784217	10.18728322	10.82688453	11.52043123	12.20504329	12.9615638	13.80815043
20220317	8.161349879	8.166636344	8.146842873	8.332027808	8.502889851	8.557940031	8.68279336	8.85492931	9.155152722	9.608401871	10.14285595	10.79030227	11.49596669	12.16983471	12.91190712	13.74188437
20220316	8.126786197	8.141084852	8.147053701	8.375046154	8.521850636	8.589701788	8.683086143	8.8250201	9.155494332	9.566370973	10.1201208	10.81785784	11.58091477	12.24363291	12.96624592	13.77387478
20220315	8.165134604	8.164367634	8.151319959	8.375444813	8.532296964	8.612238874	8.729494824	8.981958461	9.254021426	9.731583122	10.31876495	11.02874615	11.80470168	12.50311104	13.26836837	14.1249939
20220314	8.117085897	8.122389563	8.14115567	8.410702471	8.539673669	8.608111811	8.701350007	8.932910601	9.21435083	9.690389964	10.32149596	11.04010744	11.8232598	12.53854575	13.32387731	14.20363385
20220311	8.096542972	8.106385997	8.099080994	8.144980977	8.206544988	8.229381902	8.270313471	8.546364772	8.882349305	9.474381187	10.14293555	10.8960621	11.71705486	12.44186635	13.23503741	14.12385281
20220310	8.096542972	8.106385997	8.099207834	8.172182903	8.232631428	8.258190906	8.35370073	8.604506399	8.920912208	9.492813182	10.16198602	10.89119412	11.68403186	12.4360103	13.26558622	14.19646525
20220309	8.113824814	8.119162607	8.099123846	8.152532676	8.198570028	8.297561545	8.40119432	8.63378329	8.920142745	9.470238739	10.11486023	10.84053111	11.63065626	12.37911419	13.20458306	14.13070702
20220308	8.105183892	8.110529761	8.090466203	8.126054309	8.174520507	8.241473534	8.344822062	8.55643784	8.821358597	9.367131922	10.02931344	10.76372156	11.56265235	12.3068773	13.12617697	14.04516298
20220307	8.060935466	8.069522024	8.099080994	8.141445727	8.147502855	8.220348479	8.307189666	8.547064021	8.801851379	9.367806082	10.05358224	10.77772439	11.56315817	12.30627123	13.12557208	14.04455843
20220304	7.893481329	7.952907835	8.086031966	8.089897472	8.144123423	8.236590409	8.308527842	8.507592532	8.822192325	9.389893082	10.12238067	10.86514776	11.66953275	12.43115103	13.27145677	14.21475779
20220303	8.027415605	8.055284737	8.098954156	8.116266953	8.160466842	8.238999799	8.32628697	8.52708169	8.821419477	9.431634819	10.14492573	10.87506185	11.66608228	12.43179709	13.27853404	14.2292839
20220302	8.100863433	8.119677124	8.137340204	8.115294014	8.160420547	8.238969413	8.326470184	8.487907867	8.80177866	9.390048403	10.14632942	10.86616558	11.64215003	12.38940496	13.21484014	14.14092411
20220301	8.126786197	8.141084852	8.146208677	8.189632599	8.265861323	8.333727407	8.438625541	8.642626945	8.969045236	9.586033971	10.29609966	11.0600517	11.89155629	12.63914917	13.45944853	14.37958713
20220228	8.131253552	8.137319205	8.151667912	8.192525077	8.316814542	8.35460044	8.476252551	8.622746772	8.938295365	9.553983283	10.27401599	11.03728779	11.86724739	12.61304538	13.43127964	14.34902954
20220225	8.122465735	8.13676843	8.142112107	8.225000898	8.28366655	8.346441046	8.420688588	8.603539427	8.919188945	9.534090607	10.22978367	11.02747706	11.89952645	12.65042595	13.47066552	14.39073375
20220224	8.122465735	8.13676843	8.141858429	8.172112656	8.258133854	8.325376764	8.383207072	8.525570467	8.880277668	9.494389526	10.1877966	10.95733576	11.79618834	12.53773971	13.34978515	14.26038561
20220223	8.138883485	8.153169108	8.158488098	8.261872513	8.338540481	8.407510487	8.514043016	8.641228447	9.018135442	9.595305322	10.31587147	11.13298245	12.02648087	12.7769778	13.59456268	14.51153585
20220222	8.118145274	8.136941086	8.154909171	8.225685821	8.30594267	8.381362893	8.439478743	8.544205377	8.919036743	9.556633656	10.27712879	11.05300816	11.8978627	12.66750031	13.51370659	14.46384044
20220221	8.120345253	8.122285969	8.159765061	8.35557155	8.489765618	8.593072789	8.701799059	8.892854349	9.325558041	9.916218677	10.66637353	11.46722597	12.34065378	13.11162163	13.95665832	14.90531894
20220218	8.139747576	8.154032391	8.159765061	8.356583126	8.508040903	8.608538995	8.702706147	8.893169627	9.264408365	9.884034149	10.6220486	11.4195655	12.28982128	13.05709131	13.89786747	14.84160565
20220217	8.139747576	8.154032391	8.159933039	8.393872718	8.562690487	8.667063206	8.77700458	8.970805696	9.333557099	9.902048099	10.59297251	11.37406947	12.2278701	12.96918291	13.77951177	14.68803022
20220216	8.155959674	8.161432466	8.178962372	8.421659462	8.612596758	8.750224673	8.908397348	9.166160507	9.512193161	10.08769324	10.78921219	11.54366497	12.36586694	13.10413505	13.91395092	14.82181077
20220215	8.139747576	8.157167842	8.179401169	8.432753437	8.65882625	8.806670158	9.021030499	9.322758929	9.66174512	10.21058037	10.91827647	11.64193121	12.42764693	13.13612565	13.91285847	14.78247643
20220214	8.146660313	8.159678273	8.169014051	8.433013355	8.658838714	8.803785326	9.00224753	9.303238067	9.631389283	10.21160318	10.90864724	11.61796339	12.3875658	13.10819599	13.90159123	14.79046573
20220211	8.129378472	8.146682387	8.169379144	8.433013355	8.655327523	8.776963889	8.983157409	9.29379908	9.601518802	10.14751007	10.80476321	11.54544136	12.35434515	13.07035394	13.85401888	14.73167659
20220210	8.116589908	8.138015013	8.174526422	8.449019447	8.641061974	8.791707994	8.973984164	9.283623855	9.63208603	10.21244257	10.9447109	11.65768972	12.42930913	13.16858235	13.98482113	14.90008495
20220209	8.118468445	8.128487804	8.177570568	8.448945688	8.641056633	8.790258428	8.964536098	9.28352522	9.652961375	10.19094051	10.89693364	11.6192293	12.40337071	13.13132482	13.93228479	14.82988923
20220208	8.136809664	8.153984049	8.17699979	8.448945688	8.641056633	8.790258428	8.964588189	9.273594819	9.652748292	10.23476256	10.92091488	11.64319391	12.42884066	13.1532677	13.94971056	14.84208477
20220204	8.17223744	8.180851187	8.177102632	8.448924613	8.641056633	8.79604418	9.002161312	9.312479786	9.733513419	10.3197001	11.01044365	11.71190871	12.47293408	13.21478466	14.0353021	14.95549306
20220203	8.15702942	8.16973899	8.179910238	8.468025145	8.675472359	8.815667833	9.030054657	9.381044986	9.814080683	10.40371563	11.12282941	11.83204348	12.60054063	13.36234721	14.20682341	15.15469631
20220202	8.215887916	8.211658355	8.170138466	8.468242914	8.675483041	8.811333435	9.002030187	9.322343255	9.712949242	10.27582518	10.96367201	11.66266109	12.42080046	13.16969909	13.99924078	14.92990649
20220201	8.200234024	8.199991929	8.170458992	8.468242914	8.675483041	8.812779427	9.011476456	9.322283369	9.712954317	10.254105	10.9165576	11.61187085	12.36723343	13.10186616	13.9140332	14.82461442
20220131	8.217515865	8.212987815	8.170092187	8.468242914	8.675483041	8.817120975	9.039664381	9.351616622	9.753111958	10.29612268	10.96076554	11.68468869	12.47371227	13.21785804	14.03835088	14.95850682
20220128	8.16567034	8.174210801	8.170753808	8.449595484	8.651517204	8.808958006	8.983703457	9.254109184	9.571580676	10.06235606	10.69009482	11.39742339	12.16857407	12.89110382	13.68667535	14.57816767
20220127	8.172064622	8.176196356	8.159862762	8.449869453	8.648020257	8.779251737	8.946101594	9.176186018	9.430751582	9.893495521	10.48882364	11.19643646	11.96950071	12.66863091	13.43510854	14.29310754
20220126	8.180149067	8.18066817	8.168804938	8.449639389	8.648007794	8.779244588	8.945992026	9.195712164	9.471210247	9.935802361	10.53316643	11.243297	12.01931068	12.72191526	13.49238489	14.35496785
20220125	8.155301235	8.163723623	8.16073007	8.449855403	8.646848674	8.765490692	8.908515898	9.127198043	9.391361715	9.831043192	10.44560347	11.13913225	11.89418188	12.57666467	13.3244624	14.16097442
20220124	8.198160204	8.202374595	8.185525451	8.467860061	8.675463455	8.799747633	8.927413825	9.145989712	9.471786922	9.937137463	10.58074549	11.30850988	12.10228217	12.80066964	13.56414489	14.41863581
20220121	8.174311261	8.187215319	8.196617041	8.467591362	8.675450991	8.802630678	8.946078243	9.18491871	9.552073457	10.08642754	10.73978103	11.46351574	12.25250116	13.00261176	13.83047571	14.75927485
20220120	8.16567034	8.178477155	8.188264497	8.467807374	8.673122067	8.792472992	8.983274161	9.263564024	9.632038679	10.21311177	10.89810987	11.64511026	12.45993221	13.22584916	14.07066559	15.01900837
20220119	8.145248387	8.152958466	8.186363621	8.450729995	8.673499537	8.792535551	8.98342684	9.243733168	9.632410729	10.19224422	10.84017862	11.54971298	12.32266218	13.09791136	13.95858419	14.92539343
20220118	8.16567034	8.183169968	8.204899308	8.449737738	8.664190966	8.78180233	8.96464926	9.21460423	9.572008533	10.10707369	10.73822788	11.44791465	12.22185473	12.97965981	13.81858987	14.76021645
20220117	8.182952182	8.196167579	8.204532503	8.449737738	8.664190966	8.778910347	8.945920176	9.185112458	9.552523299	10.04341019	10.68139327	11.42076142	12.22893154	12.95774462	13.7573033	14.65337521
20220114	8.15702942	8.174431805	8.196545051	8.449955507	8.664201648	8.77891571	8.945873476	9.195187287	9.5320589	10.02152312	10.67027915	11.37742664	12.14689698	12.88867495	13.70820885	14.62740321
20220113	8.162732426	8.180198544	8.202059134	8.449811498	8.66536611	8.789779411	8.964785772	9.204943314	9.531636117	10.02095306	10.66965691	11.41546406	12.23047078	12.99161957	13.83048334	14.77202961
20220112	8.164598866	8.172420351	8.205074142	8.450243526	8.672304807	8.783096393	8.974093732	9.204599854	9.571785303	10.12862698	10.80834552	11.55007875	12.35873878	13.12794379	13.97745742	14.93130301
20220111	8.16567034	8.183169968	8.204899308	8.449231949	8.65490732	8.771085194	8.946094409	9.145679717	9.532123162	10.08785848	10.74175334	11.49123512	12.31060656	13.07723445	13.92245432	14.87133651
20220110	8.139747576	8.161221825	8.197348938	8.466579785	8.654542313	8.765247609	8.908291372	9.146496976	9.451221056	10.01276069	10.69847631	11.42130213	12.20701011	12.97464209	13.8245366	14.77888081
20220107	8.161349879	8.178587655	8.201159262	8.466472656	8.654536972	8.769582008	8.93645415	9.175840796	9.481005288	10.04397694	10.69635616	11.41745196	12.20336977	12.96042421	13.7971935	14.73632719
20220106	8.139920395	8.161396207	8.197516914	8.466576272	8.654542313	8.768139591	8.92711745	9.156298798	9.451224438	9.958538736	10.60481609	11.3080964	12.07307539	12.81996675	13.64626712	14.57331304
20220105	8.143001748	8.144981718	8.201730038	8.466472656	8.654536972	8.768136016	8.927115654	9.156143801	9.471399654	10.00157922	10.65068442	11.35642162	12.12427208	12.88532776	13.72888147	14.67589969
20220104	8.113824814	8.143966496	8.206436807	8.464765621	8.637164411	8.768436296	8.927108468	9.175717503	9.512406245	9.979368296	10.62518576	11.32982979	12.09637731	12.83456458	13.64994212	14.56435041
20220103	8.139747576	8.161221825	8.197348938	8.46478845	8.637173313	8.768441659	8.926957587	9.205786994	9.470973487	10.0002276	10.62623528	11.31677639	12.06826155	12.82459067	13.66395343	14.60612717
20211231	8.182952182	8.196167579	8.204532503	8.447015612	8.61897281	8.754296326	8.93642541	9.19628812	9.430474236	9.946693018	10.58136936	11.27644414	12.0325289	12.76045257	13.56420432	14.46518558
20211230	8.182952182	8.196167579	8.204532503	8.447015612	8.620740869	8.768800922	8.927255758	9.177253386	9.319172322	9.829235519	10.49304444	11.1849368	11.93509099	12.66634971	13.47479457	14.3812255
20211229	8.242346417	8.239343888	8.211368116	8.446992782	8.622498245	8.787638129	8.946146501	9.20595432	9.430176596	9.934843997	10.67339519	11.42393253	12.23851098	13.01021986	13.86221449	14.81898293
20211228	8.234797709	8.235158685	8.203433799	8.447015612	8.621625789	8.779668196	8.946484188	9.127374176	9.339553857	9.851745522	10.53961624	11.25428456	12.02969943	12.78456744	13.61965689	14.55689313
20211227	8.234797709	8.235158685	8.203433799	8.447015612	8.621625789	8.779668196	8.946275828	9.166641351	9.389665507	9.936154313	10.67622206	11.4008251	12.18486923	12.9400365	13.77465594	14.71130738
20211224	8.230477247	8.230788739	8.19925667	8.447026149	8.62163113	8.772441816	8.899180994	9.14740054	9.350150495	9.873184799	10.56265356	11.22737942	11.9441506	12.6787371	13.4947069	14.40983035
20211223	8.181338057	8.184732514	8.202755037	8.429263849	8.604265692	8.744539015	8.871488823	9.010065825	9.231067679	9.664140688	10.29344826	10.95417101	11.66937244	12.37550551	13.15639972	14.03105552
20211222	8.203517575	8.213246798	8.205996298	8.429255068	8.601920744	8.722806251	8.833836668	8.961842268	9.110638722	9.581065345	10.18482677	10.8257697	11.51938536	12.23462349	13.02885194	13.91887297
20211221	8.234797709	8.23551781	8.202755037	8.429263849	8.597245093	8.684878031	8.796031835	8.913134345	9.071869499	9.47680684	10.07320621	10.7209577	11.42254508	12.11170186	12.87294481	13.72495057
20211220	8.24654936	8.247256752	8.214355697	8.429233993	8.600742037	8.711933613	8.814933353	8.952563563	9.050885923	9.475494871	10.0499983	10.69547115	11.39585183	12.08335994	12.84268548	13.69247954
20211217	8.230477247	8.235690468	8.215548673	8.429232237	8.600740256	8.711931826	8.815348278	8.873692799	9.031525832	9.435478191	9.984270428	10.6375499	11.34851336	12.04387045	12.811739	13.67136067
20211216	8.225069759	8.223255719	8.211284128	8.429242774	8.601915403	8.722800889	8.834197707	8.892834973	9.091339512	9.519029412	10.16391122	10.81856872	11.52529177	12.20075316	12.94469261	13.77681446
20211215	8.208874945	8.214110083	8.194222519	8.429284923	8.599023834	8.703977982	8.815069864	8.912329416	9.152049493	9.582635081	10.20757004	10.86340954	11.57296484	12.25179016	12.99960582	13.83618247
20211214	8.217515865	8.217894723	8.186289916	8.429307754	8.599036297	8.703985132	8.814762712	8.970862059	9.25216118	9.751561718	10.38698013	11.03953175	11.74517841	12.42959126	13.18473775	14.02973757
20211213	8.256400011	8.256792593	8.224754812	8.464711178	8.637135922	8.762634457	8.889704189	9.107164633	9.431816995	9.960708276	10.58436844	11.24669869	11.96513354	12.64944147	13.40322043	14.24660159
20211210	8.187963916	8.202196759	8.207744623	8.43837155	8.622637125	8.763041981	8.88972754	9.1368343	9.451777438	10.00303825	10.60633513	11.25590826	11.96087222	12.63375152	13.37483671	14.20361269
20211209	8.056615004	8.062857468	8.186169934	8.447070055	8.619884439	8.756505529	8.899127108	9.127219179	9.411738176	9.874353014	10.44550761	11.07946482	11.76769438	12.45320466	13.21147749	14.06007451
20211208	8.131106655	8.157176474	8.20563292	8.449231949	8.657248707	8.79282332	8.983619033	9.224853432	9.510968781	9.977578798	10.53099591	11.12426748	11.76635746	12.47477066	13.26595189	14.15246219
20211207	8.113824814	8.139698416	8.188926118	8.449667489	8.657270074	8.787051867	8.94606567	9.185558076	9.491429431	9.979429433	10.51002188	11.16430552	11.87925165	12.57931196	13.35283241	14.21896251
20211206	8.105183892	8.13522833	8.198082549	8.467085573	8.664995762	8.795509752	9.002105629	9.283639706	9.591541119	10.06166042	10.59564017	11.28051856	12.03128382	12.76493036	13.57629281	14.48607169
20211203	8.15702942	8.18027106	8.211368116	8.448209835	8.665350086	8.795558013	9.002037374	9.303451189	9.601320939	10.10398379	10.68764813	11.39265878	12.16407617	12.90774287	13.72941628	14.65108242
20211202	8.173238059	8.181754181	8.211368116	8.448209835	8.665350086	8.795558013	9.001933193	9.323095344	9.631642953	10.14654179	10.73264239	11.44017453	12.21454448	12.96183016	13.78768756	14.71417904
20211201	8.128860017	8.154904309	8.203461224	8.449793935	8.667703936	8.810073331	8.992765336	9.303491699	9.590972898	10.12569901	10.71149938	11.41769369	12.19051728	12.92541252	13.73610348	14.64505643
20211130	8.070620209	8.109233109	8.198814446	8.468602938	8.691678675	8.813901901	9.020441342	9.391457991	9.752951301	10.29539729	10.90127628	11.63201393	12.43289499	13.18082667	14.0047868	14.9289815
20211129	8.100863433	8.13533883	8.210979028	8.468276283	8.694004037	8.837080656	9.067480492	9.46025921	9.813290923	10.29239001	10.88450354	11.62724454	12.44299894	13.17700415	13.98220963	14.88469431
20211126	8.061979287	8.10924174	8.225044485	8.487104603	8.730754026	8.875548667	9.114397499	9.538930943	9.862606051	10.35399799	10.97351407	11.70981106	12.51636919	13.26543248	14.09020921	15.01530241
20211125	8.052296272	8.05945958	8.199969713	8.486238792	8.702929798	8.849197311	9.095413354	9.539304346	9.863003467	10.3655215	10.93880698	11.67070178	12.47512857	13.21612754	14.03114411	14.94495857
20211124	8.090494328	8.124639282	8.201392371	8.485163991	8.684355386	8.832095651	9.086315551	9.460345515	9.792310729	10.30323936	10.87359737	11.60145105	12.4011669	13.13668249	13.94540174	14.85197541
20211123	8.139747576	8.167494449	8.211368116	8.448453948	8.676975118	8.828016848	9.058301858	9.420780676	9.793000711	10.33727617	10.95721409	11.6658481	12.43986286	13.18647196	14.01155477	14.93704486
20211122	8.15702942	8.184758411	8.228429726	8.448167687	8.667670107	8.818731404	9.048911271	9.401087202	9.783251329	10.31634583	10.934773	11.64211408	12.4146217	13.17542439	14.01824352	14.9642955
20211119	8.131106655	8.167838036	8.237044518	8.467115429	8.733451519	8.890106883	9.105353581	9.498659809	9.913898113	10.4860061	11.11452264	11.79311233	12.53159512	13.33062273	14.22441069	15.22961971
20211118	8.127453274	8.145905432	8.234485448	8.467122453	8.73345508	8.89010867	9.105355377	9.498659809	9.913898113	10.48600776	11.11452264	11.79311233	12.53159512	13.33062273	14.22441069	15.22961971
20211117	8.105183892	8.139601729	8.215373841	8.478249796	8.724007627	8.885166562	9.124226361	9.498606968	9.913644443	10.48579956	11.11426109	11.81898055	12.588236	13.41507011	14.34031183	15.38214469
20211116	8.204554484	8.217587394	8.226292311	8.487501507	8.74237728	8.903674891	9.143061419	9.51839203	9.892464693	10.46291778	11.114084	11.83313446	12.61775248	13.43681455	14.35078985	15.379468
20211112	8.167744161	8.184948334	8.207559507	8.478414879	8.72401653	8.889517047	9.152493318	9.518502994	9.892439327	10.46302188	11.09055765	11.79403948	12.56184778	13.36507912	14.26107842	15.26884521
20211111	8.21492359	8.223060616	8.220334288	8.530504048	8.748470228	8.949969841	9.134662341	9.389594499	9.771389722	10.24953459	10.91018578	11.59290305	12.33337932	13.09707303	13.94674709	14.90078926
20211110	8.193625447	8.201117653	8.235111074	8.530145782	8.748452423	8.949955542	9.134653359	9.389589215	9.77138634	10.24953293	10.91018253	11.59290145	12.33337932	13.09706996	13.94674557	14.90078624
20211109	8.191593103	8.208959728	8.230832817	8.487392622	8.743541742	8.911651972	9.14366315	9.419375131	9.811946472	10.31361614	10.99006583	11.69727931	12.46575769	13.2404116	14.10082131	15.06726151
20211108	8.208874945	8.218597435	8.211368116	8.447967478	8.658407827	8.802239242	8.993036564	9.243516524	9.652443888	10.24605474	10.94476288	11.701473	12.52699138	13.32508202	14.20873709	15.20215596
20211105	8.240500716	8.245193503	8.226458573	8.465278434	8.651072073	8.813188737	9.011801572	9.28275728	9.692339406	10.32030982	11.05964572	11.83139782	12.67233584	13.4869686	14.38961656	15.40505609
20211104	8.213195406	8.22740121	8.232779972	8.465176573	8.66151662	8.831877591	9.030597113	9.321635198	9.773063944	10.44903802	11.24450483	12.0428014	12.91196967	13.76747436	14.71815421	15.7894851
20211103	8.185331892	8.185340267	8.208020585	8.448640106	8.650301107	8.795163001	8.945873476	9.243525331	9.69337776	10.38749448	11.20365339	12.00020294	12.86583741	13.71731723	14.66334004	15.72926465
20211101	8.226156787	8.235861398	8.228429726	8.445549178	8.597120455	8.693725566	8.851214999	9.166299652	9.573530552	10.27236019	11.05826803	11.85106696	12.71395776	13.57055764	14.52325887	15.59709073
20211029	8.308245536	8.300264145	8.240728001	8.463364166	8.618832148	8.745527436	8.879771148	9.185595064	9.572551387	10.28215203	11.04540416	11.85606536	12.74166732	13.59653067	14.5447055	15.613228
20211028	8.217515865	8.231717632	8.23696053	8.446927802	8.617731786	8.725306797	8.851602981	9.136304138	9.573877235	10.24090601	10.9529413	11.72946908	12.57773985	13.39663748	14.30383304	15.32462816
20211027	8.24180031	8.239768624	8.245448483	8.436548605	8.597145382	8.68506928	8.795254075	9.048956075	9.413393794	10.00691302	10.68097412	11.42744715	12.24184472	13.03484539	13.91327291	14.90073031
20211026	8.200234024	8.218941023	8.23683369	8.420301913	8.593960027	8.722961754	8.833055316	9.117552979	9.462815462	10.06889277	10.7468417	11.48436331	12.28815909	13.09449649	13.99060027	14.99860592
20211025	8.118145274	8.154890496	8.223995489	8.411461155	8.579030344	8.66953694	8.795106786	9.079162948	9.372953732	9.919903423	10.61169317	11.32988861	12.10947258	12.88032082	13.73480383	14.69450055
20211022	8.15702942	8.18027106	8.21120014	8.410205465	8.5685947	8.653071589	8.795201985	9.040292073	9.292295148	9.835365749	10.52272653	11.26147441	12.06529509	12.8452722	13.70856691	14.67849629
20211021	8.182952182	8.206166139	8.236790839	8.40904988	8.560733692	8.653886633	8.795079842	9.069708109	9.332420658	9.898855753	10.59028698	11.32000793	12.11317985	12.90633691	13.78709639	14.7773029
20211020	8.164598866	8.175597238	8.219561254	8.373203891	8.52438254	8.6184107	8.766954784	9.030613546	9.333294974	9.92212088	10.61515528	11.35889935	12.16860675	12.97727863	13.87563464	14.88629035
20211019	8.174311261	8.197533295	8.227582986	8.269712231	8.439145356	8.494579168	8.625846316	8.90487369	9.195479477	9.778187732	10.46319826	11.19774688	11.99672469	12.79224475	13.67529383	14.66817641
20211018	8.290963695	8.285130768	8.219211589	8.264267983	8.407986208	8.444221502	8.550897653	8.778138681	9.076844813	9.633335875	10.33281967	11.08633344	11.90620482	12.68601601	13.54739104	14.51511335
20211015	8.234797709	8.240005163	8.219814933	8.426611973	8.562432312	8.675563989	8.832424847	9.167257818	9.493042772	10.11050563	10.83786026	11.64812075	12.53483859	13.37505301	14.30481883	15.35195135
20211014	8.25207955	8.257269126	8.236876541	8.429666021	8.618107476	8.736933709	8.926266046	9.303676639	9.693535037	10.36442599	11.15475673	12.01358234	12.95477444	13.85158793	14.84643789	15.9694693
20211013	8.259623073	8.260654927	8.245532472	8.45626908	8.64772291	8.789271794	9.010779528	9.430839652	9.854236634	10.5551736	11.3335121	12.21625344	13.18738127	14.13814048	15.19754816	16.39630985
20211012	8.282322773	8.278504196	8.232653132	8.439038911	8.648114626	8.777771785	8.936008691	9.292881425	9.754312662	10.4736432	11.22374362	12.08435978	13.03077496	13.96747831	15.0118205	16.19296233
20211011	8.25207955	8.257269126	8.236876541	8.429908377	8.62373927	8.711218662	8.869988989	9.195791425	9.572756014	10.28183974	11.09239024	11.94791461	12.88372316	13.8077914	14.83736925	16.0012451
20211008	8.233242342	8.238451252	8.21819516	8.411475204	8.578152546	8.659697409	8.785908394	9.019860602	9.372897924	10.02888766	10.87033185	11.70085594	12.60403934	13.49315229	14.48228232	15.59882734
20211007	8.35408735	8.341466984	8.216448547	8.391342021	8.537608263	8.592080791	8.701326658	8.90335542	9.213280344	9.88328398	10.7168152	11.53747542	12.429085	13.29321756	14.252284	15.33369962
20211006	8.270398302	8.27107995	8.237644434	8.370216579	8.474178921	8.53925654	8.663857714	8.834906467	9.214770232	9.885997144	10.74267777	11.57885412	12.4873585	13.35664191	14.32040406	15.40728844
20211005	8.208874945	8.227572141	8.245109102	8.360956086	8.463907085	8.515434329	8.6077495	8.73791158	9.055237207	9.675556793	10.49534005	11.30231715	12.17783134	13.02234728	13.95852172	15.01326051
20211004	8.197814566	8.212036475	8.217087885	8.353104076	8.462959848	8.506163184	8.598389448	8.71831498	9.056040494	9.612083313	10.44930926	11.22917967	12.07117195	12.88437558	13.78499226	14.79830842
20211001	8.232896704	8.24259329	8.234703132	8.360209699	8.444198479	8.488918533	8.589018621	8.689541831	8.975926455	9.528064476	10.33750186	11.09688207	11.91624806	12.71707289	13.60456837	14.60262977
20210930	8.199153909	8.200893198	8.23653716	8.349577607	8.406107758	8.445229586	8.560550487	8.6904771	8.916100936	9.486327696	10.24811769	10.99998989	11.81351382	12.60693706	13.4857891	14.47380663
20210929	8.182952182	8.206166139	8.236496024	8.340002753	8.387743446	8.425432555	8.532563737	8.632298485	8.836592322	9.424742856	10.18390073	10.91919658	11.71326512	12.49822715	13.36852125	14.34659466
20210928	8.200234024	8.21445367	8.219391563	8.331873261	8.387951767	8.419459128	8.495360635	8.62234871	8.87765472	9.425539289	10.17161036	10.89308502	11.67164785	12.45277549	13.31987779	14.29424411
20210927	8.221836326	8.227057624	8.206428237	8.29693172	8.365485131	8.36982535	8.476365713	8.525230528	8.77889763	9.280461059	10.0287237	10.73024363	11.48471261	12.23065791	13.05656071	13.98316815
20210924	8.239118168	8.244321585	8.223488131	8.296499693	8.367803372	8.385817047	8.476530963	8.525286893	8.758497495	9.301778063	10.00684798	10.72987466	11.51249843	12.2623978	13.09033353	14.0192983
20210923	8.268262266	8.264334245	8.219264724	8.305171855	8.372297411	8.423064275	8.514400461	8.544277591	8.797610017	9.36418082	10.07322083	10.79991578	11.58684608	12.32141513	13.13003024	14.03667341
20210922	8.260720471	8.256925538	8.210860759	8.333099094	8.408849762	8.4626351	8.570837382	8.595483087	8.876626512	9.425671478	10.1143371	10.84244586	11.6324741	12.37058316	13.18327811	14.09463885
20210921	8.277451022	8.273545491	8.227963505	8.345778926	8.495644903	8.571264956	8.664489981	8.776583423	9.074259071	9.663119534	10.42348731	11.16591492	11.96899022	12.72538397	13.55950848	14.49563435
20210920	8.315676728	8.304150651	8.229089633	8.389027338	8.502816849	8.571046895	8.664276232	8.786209112	9.094288848	9.684568725	10.36506055	11.08108059	11.85831385	12.60069954	13.42010075	14.3392054
20210917	8.203472641	8.204028647	8.223827513	8.370569577	8.47536475	8.541721338	8.627125217	8.718246287	9.015160739	9.569859089	10.2432714	10.95247096	11.72172708	12.46474755	13.28567986	14.20656294
20210915	8.2553631	8.260549606	8.239694432	8.331356935	8.392602491	8.460111318	8.551501181	8.680349431	8.956349901	9.551033833	10.22466932	10.94512206	11.72763037	12.48210188	13.31584017	14.25153783
20210914	8.312565997	8.306017072	8.24206153	8.339786739	8.392408414	8.460077358	8.551370057	8.699884384	8.976922532	9.486121154	10.24562875	10.98491042	11.783602	12.57407736	13.45077756	14.43629204
20210913	8.299604615	8.288535562	8.212240566	8.334001786	8.429735294	8.497161935	8.588918033	8.758112317	9.035831457	9.590265646	10.34538622	11.10890016	11.93683413	12.7401064	13.62976619	14.63034744
20210910	8.256400011	8.252609116	8.206681915	8.35033629	8.410819021	8.478592835	8.570176377	8.71935769	8.975939984	9.549317038	10.26828266	11.03181707	11.86202889	12.66028601	13.54344636	14.53647253
20210909	8.139719926	8.153210545	8.211969746	8.349191242	8.392262412	8.460073783	8.551265877	8.719438711	8.996132111	9.613451461	10.36019314	11.14275819	11.99394501	12.81324161	13.7204558	14.74145388
20210908	8.070620209	8.116391463	8.21094646	8.348207763	8.378313797	8.460209624	8.551361076	8.719410529	9.006236631	9.623895983	10.41753627	11.1993372	12.04663426	12.874474	13.79273383	14.82660193
20210907	8.113824814	8.155061428	8.23653716	8.34755621	8.370176809	8.410280928	8.485955678	8.62200349	8.937662881	9.55320833	10.31951715	11.07498169	11.89277182	12.70227512	13.6006953	14.61146696
20210906	8.118145274	8.154890496	8.223657823	8.32923719	8.343912316	8.395207945	8.485668285	8.602667567	8.917685528	9.553905622	10.32092571	11.0763271	11.89405272	12.70355339	13.60197514	14.61275167
20210903	8.128687198	8.160933488	8.217171874	8.364168194	8.35478597	8.421382351	8.504905695	8.631514691	8.967406527	9.595070688	10.41039274	11.16054439	11.96907116	12.77248462	13.66432978	14.66745092
20210902	8.151640941	8.155760687	8.223657823	8.328227369	8.323028567	8.354684448	8.429585218	8.505831198	8.788966637	9.408698509	10.1675114	10.87598107	11.6386124	12.41588408	13.27980932	14.25048893
20210901	8.16567034	8.188902177	8.219477265	8.346472629	8.347051379	8.418703065	8.486113744	8.631803549	8.947745416	9.552813417	10.34195662	11.07439169	11.8635837	12.65844167	13.54159973	14.53462409
20210831	8.010133762	8.073921321	8.219391563	8.329851864	8.355528448	8.423103598	8.513703533	8.680516758	8.996891429	9.657845224	10.4314009	11.19326693	12.01857142	12.81627191	13.6993276	14.69221984