DATE	1	7	30	90	180	270	360	720	1080	1440	1800	2160	2520	2880	3240	3600	5400	7200	9000	10800
20220831	0.08321405	0.082191893	0.081143319	0.083119321	0.084079914	0.084649718	0.084873215	0.085371942	0.089203588	0.092621511	0.096111312	0.099077062	0.102288371	0.106751606	0.111382647	0.116260226	0.1460958	0.18683474	0.240776642	0.312968051
20220830	0.081278839	0.082191893	0.081143319	0.08292868	0.084271876	0.084649718	0.085066548	0.085159716	0.08879054	0.093534929	0.096110056	0.097761036	0.101092642	0.106263374	0.111822351	0.117708471	0.144888927	0.187954274	0.233277019	0.314910621
20220829	0.081278839	0.082191893	0.081516391	0.083119321	0.083695987	0.084455567	0.085066548	0.08515561	0.089446142	0.094700498	0.097143759	0.09824109	0.10093754	0.106998615	0.113409717	0.118737593	0.14378942	0.184032893	0.225219116	0.29827447
20220826	0.082238703	0.082191893	0.081516391	0.083119321	0.083695987	0.084455567	0.085066548	0.084394647	0.087944499	0.091987703	0.094359085	0.096330149	0.098616573	0.104569077	0.11079383	0.114971183	0.140170288	0.175046609	0.221761305	0.281762752
20220825	0.081278839	0.082191893	0.081516391	0.083691243	0.084655803	0.085787694	0.086037428	0.085653053	0.09020374	0.095031793	0.097904136	0.099637616	0.101891087	0.107816067	0.113998522	0.118308132	0.143846815	0.177990584	0.215998892	0.288481072
20220824	0.081278839	0.08211945	0.081516391	0.083881883	0.084847767	0.086136699	0.086430455	0.086106286	0.090582386	0.094882164	0.098593327	0.099849706	0.103397622	0.108928277	0.114386645	0.119075188	0.143953737	0.180786939	0.224458732	0.27351894
20220823	0.081278839	0.081812951	0.081516391	0.083881883	0.085231693	0.086162618	0.086419628	0.085462451	0.089980502	0.093761519	0.09767551	0.099032275	0.104106312	0.109613027	0.114857508	0.119759413	0.1474453	0.185237769	0.233772423	0.282932959
20220822	0.081278839	0.08143957	0.080210637	0.083500602	0.08503973	0.086153843	0.086033174	0.085468019	0.089971609	0.09432949	0.097948702	0.099560388	0.105469912	0.111359943	0.116819866	0.121852476	0.15190271	0.192255862	0.24306145	0.30297309
20220819	0.081278839	0.080386329	0.080210637	0.083500602	0.08521194	0.086123323	0.086033021	0.085413118	0.0902695	0.0951782	0.099591571	0.101061206	0.107908158	0.113247407	0.117826423	0.123333133	0.152725842	0.195738749	0.239130812	0.329267655
20220818	0.081278839	0.080280454	0.080210637	0.083691243	0.085391753	0.086142252	0.086033194	0.086032553	0.090604439	0.095939032	0.099524888	0.101563355	0.108813727	0.114287827	0.11891967	0.124723852	0.152246791	0.1938901	0.240990922	0.322542076
20220817	0.081278839	0.080280454	0.080210637	0.083500602	0.085423656	0.086168598	0.085646973	0.086632475	0.091461137	0.096836133	0.101188316	0.102410554	0.10930698	0.11535155	0.120499105	0.126372862	0.154504888	0.196713927	0.255399237	0.319799774
20220816	0.07953715	0.080280454	0.080210637	0.083309962	0.085999547	0.086397074	0.087579936	0.08904418	0.095167367	0.100876271	0.10500023	0.105743073	0.112699346	0.119406142	0.125409676	0.131921595	0.159246306	0.201016504	0.259886388	0.311147175
20220815	0.07953715	0.080280454	0.080956783	0.082356759	0.085423656	0.086144757	0.087580594	0.091491605	0.096998494	0.102247623	0.105434612	0.106392853	0.110536551	0.116882845	0.123447691	0.129906311	0.159607745	0.191159938	0.241402293	0.302443145
20220812	0.080401027	0.080280454	0.080956783	0.082356759	0.085423656	0.086103092	0.087391823	0.090476169	0.095278923	0.099994081	0.102948796	0.104447913	0.10857062	0.114456479	0.120360316	0.125689774	0.154271674	0.181239937	0.22566455	0.299935962
20220811	0.07953715	0.080280454	0.080956783	0.082356759	0.085423656	0.08608954	0.087580148	0.090112262	0.094270688	0.098528763	0.101101142	0.10212221	0.107272102	0.112884573	0.117914004	0.122661846	0.152824497	0.179242878	0.21444468	0.302217599
20220810	0.07953715	0.080215255	0.080956783	0.082547398	0.085423656	0.086151901	0.087386893	0.089247804	0.094417059	0.098441468	0.102137624	0.103412682	0.109683808	0.114421196	0.118097562	0.122948338	0.155579558	0.184646679	0.226705185	0.300038091
20220809	0.079343629	0.080032292	0.080956783	0.083119321	0.085423656	0.086143611	0.087580168	0.088512553	0.094129789	0.098236319	0.10098174	0.103096442	0.110806667	0.115502659	0.118647505	0.123193629	0.154651248	0.185038235	0.22304993	0.296146863
20220808	0.079343629	0.078948582	0.079651027	0.081975477	0.08503973	0.086785376	0.08796666	0.089861893	0.096521162	0.100832844	0.104105165	0.106148446	0.114867887	0.119539649	0.122379509	0.127590691	0.159512112	0.191302914	0.228426796	0.315237428
20220805	0.079343629	0.078421961	0.079651027	0.081975477	0.08503973	0.086785376	0.088164808	0.091930224	0.097450335	0.101934899	0.105132205	0.107063659	0.115102809	0.120217541	0.123513029	0.12808573	0.15859907	0.191168336	0.230398448	0.345514814
20220804	0.079343629	0.078369015	0.079651027	0.081975477	0.084655803	0.086316172	0.087993127	0.09349684	0.097793193	0.102801123	0.105433005	0.106459309	0.114296883	0.119707939	0.12321411	0.128122707	0.157028858	0.193481347	0.248025344	0.335990196
20220803	0.079343629	0.078369015	0.079651027	0.081022274	0.083887951	0.085426321	0.087579878	0.090951063	0.09437634	0.099834947	0.102283663	0.10437578	0.110243173	0.114533695	0.117694697	0.122130736	0.150641219	0.190222193	0.250255222	0.352299342
20220802	0.079343629	0.078369015	0.079651027	0.081022274	0.083887951	0.085426321	0.086033929	0.08948724	0.093284684	0.09801721	0.101297825	0.104056362	0.109935394	0.114319423	0.117668834	0.122074954	0.150493692	0.190386602	0.258403742	0.395908271
20220801	0.080311234	0.079413903	0.079277955	0.081594195	0.084079914	0.084843869	0.085480087	0.08940313	0.092806866	0.099476525	0.102858307	0.105372672	0.110429398	0.114608936	0.118104494	0.123098092	0.149619532	0.189023448	0.243534611	0.355021505
20220729	0.080311234	0.079324735	0.079277955	0.081784836	0.084079914	0.084752638	0.085284918	0.087174867	0.089867685	0.096400327	0.100832989	0.10293895	0.106931012	0.110686101	0.11397496	0.118455921	0.144641422	0.178213868	0.228129219	0.321781114
20220728	0.080311234	0.079324735	0.079277955	0.081403555	0.083887951	0.084707362	0.084694633	0.085147952	0.088550974	0.094948405	0.099554321	0.101092516	0.104823453	0.110007444	0.114900121	0.118580808	0.146246993	0.177451789	0.220328731	0.33096535
20220727	0.080311234	0.079324735	0.079277955	0.080450352	0.083887951	0.085038019	0.085656252	0.085115543	0.088550632	0.096384872	0.101242259	0.102862272	0.106114727	0.111304487	0.116743487	0.120971478	0.149315999	0.179031497	0.229375002	0.334723554
20220726	0.080311234	0.079324735	0.077785664	0.079878429	0.082352244	0.083509568	0.08449612	0.084798417	0.088666202	0.095441298	0.100872918	0.102559382	0.105291843	0.109854694	0.114800233	0.119369616	0.14867143	0.173951955	0.234758484	0.329688379
20220725	0.080311234	0.079324735	0.077785664	0.079115867	0.082352244	0.083484814	0.083136833	0.083430153	0.087202454	0.092494784	0.095296038	0.096849423	0.099709792	0.104290263	0.109338149	0.114634945	0.139310874	0.162738333	0.211458599	0.322563279
20220722	0.080311234	0.079324735	0.077785664	0.079115867	0.082352244	0.083484814	0.083133546	0.08201731	0.086059819	0.091188688	0.093096674	0.094335376	0.096933703	0.101623205	0.10662844	0.110719972	0.136242135	0.157886044	0.201653596	0.28982567
20220721	0.080311234	0.079324735	0.077785664	0.081212914	0.08331206	0.084261417	0.083907149	0.084508113	0.088507393	0.094329772	0.095953387	0.097054061	0.100030692	0.104885678	0.10977643	0.113655828	0.138730612	0.157151911	0.204144968	0.295845448
20220720	0.080311234	0.079324735	0.077785664	0.081784836	0.082736171	0.083695933	0.083713816	0.084257838	0.08834356	0.093004453	0.093569745	0.094559119	0.097389486	0.101550774	0.105967461	0.110411391	0.134356333	0.153437965	0.203929755	0.283649877
20220719	0.079150107	0.07826704	0.077039519	0.082738039	0.082544207	0.083752043	0.08390713	0.084514661	0.088193138	0.092441323	0.094002001	0.094709534	0.097429544	0.102050942	0.106935235	0.112216204	0.13691124	0.152830842	0.208973644	0.30763961
20220718	0.079150107	0.078167282	0.076666446	0.082738039	0.082544207	0.083907539	0.083910958	0.084718341	0.087468231	0.091460237	0.092980754	0.093300821	0.096550498	0.100926433	0.105027279	0.110105564	0.133774682	0.162882373	0.193661098	0.279199211
20220715	0.079150107	0.078177871	0.076666446	0.082738039	0.082544207	0.083924138	0.084100424	0.084897603	0.088058504	0.092421343	0.093567401	0.094087587	0.097412513	0.101971931	0.106300865	0.112045836	0.136468092	0.167065034	0.204887311	0.29433553
20220714	0.079150107	0.078177871	0.076666446	0.082738039	0.082544207	0.084674007	0.084873795	0.085932425	0.089892672	0.093752858	0.094129556	0.095917526	0.098842076	0.10284612	0.106999694	0.112523931	0.138141027	0.172774029	0.217642184	0.320082269
20220713	0.079150107	0.078177871	0.076666446	0.081975477	0.082544207	0.084700042	0.085066993	0.085732242	0.089508463	0.092927509	0.093258901	0.095398252	0.098189607	0.101959326	0.106279777	0.111209493	0.137009717	0.172845622	0.221560258	0.353657066
20220712	0.079150107	0.078177871	0.078158737	0.081975477	0.083120097	0.085278863	0.085453427	0.085466965	0.088205541	0.092226193	0.093612019	0.095676311	0.098067406	0.1014757	0.105456007	0.110363921	0.138008157	0.167400674	0.208324162	0.334291209
20220711	0.079150107	0.078177871	0.078158737	0.081975477	0.082544207	0.085050834	0.085454993	0.084274986	0.087859622	0.091036666	0.093038664	0.095037365	0.096730963	0.09934138	0.102746976	0.107706428	0.132840693	0.161143189	0.198535719	0.308570012
20220708	0.079150107	0.078177871	0.077785664	0.082547398	0.084079914	0.086785376	0.087211153	0.088134162	0.091970403	0.096167207	0.099297217	0.100887626	0.102013567	0.105146114	0.109178566	0.113179994	0.139201196	0.16819609	0.201517729	0.346798328
20220707	0.079150107	0.078177871	0.077599127	0.08292868	0.084655803	0.086778892	0.087386545	0.087426695	0.091247745	0.095187635	0.096748235	0.099441943	0.101026428	0.104019797	0.10781946	0.112083264	0.138536092	0.165338212	0.196712191	0.320207946
20220706	0.079150107	0.078177871	0.077412591	0.082738039	0.084655803	0.086777552	0.087386545	0.086839687	0.089556834	0.092949601	0.094034262	0.094446036	0.095807818	0.098526113	0.10144802	0.10357876	0.130884374	0.152496756	0.176890762	0.277805576
20220705	0.079150107	0.078177871	0.07853181	0.08292868	0.083695987	0.086769184	0.086806546	0.086145131	0.088951438	0.091793838	0.092978058	0.093480234	0.095311156	0.098103341	0.100952199	0.105043457	0.126514673	0.148324271	0.173147755	0.270985161
20220704	0.079150107	0.078177871	0.078718346	0.08292868	0.084271876	0.08676468	0.086845658	0.087398209	0.091045299	0.093847318	0.096102589	0.096079939	0.096577609	0.098905781	0.10195934	0.105230678	0.124769998	0.146862768	0.172852729	0.277516412
20220701	0.079150107	0.078177871	0.076293373	0.081975477	0.084271876	0.08676167	0.086820466	0.086973832	0.090846021	0.094223659	0.096586895	0.096328325	0.09618807	0.098089066	0.100774189	0.104128158	0.124220083	0.146060232	0.17492677	0.272805982
20220630	0.079150107	0.078177871	0.076293373	0.081212914	0.084655803	0.086965586	0.086821548	0.08750914	0.092070564	0.096862027	0.099597933	0.099917437	0.0989918	0.100396198	0.103149721	0.106912179	0.12788013	0.152496224	0.18619071	0.291515806
20220629	0.079150107	0.078177871	0.076293373	0.080640992	0.084271876	0.086579324	0.086627075	0.0869836	0.091916938	0.097282448	0.09964332	0.100757277	0.100000496	0.101828043	0.105370687	0.109117282	0.132729226	0.161634542	0.201517238	0.315569055
20220628	0.079343629	0.076765738	0.074428009	0.079687789	0.083887951	0.086609903	0.086433645	0.087002208	0.092169753	0.097595787	0.100444614	0.10215731	0.101757073	0.103814539	0.107404422	0.111173757	0.136775693	0.170703359	0.214668489	0.336886615
20220627	0.079343629	0.07722995	0.074428009	0.078543946	0.083887951	0.086614484	0.086461524	0.087245861	0.092396358	0.097496927	0.100916949	0.102598711	0.102198969	0.104480035	0.108445144	0.111926286	0.139834941	0.173112802	0.217233106	0.351767264
20220624	0.079343629	0.077413295	0.074428009	0.078543946	0.085231693	0.086746391	0.086818126	0.087273811	0.092654717	0.097915657	0.101293354	0.102257042	0.101326521	0.103867728	0.108196967	0.111692343	0.138541314	0.170268273	0.212261709	0.334317365
20220623	0.079343629	0.077549829	0.074428009	0.078543946	0.084847767	0.087173677	0.087010396	0.08751985	0.093197196	0.099141957	0.102131262	0.102745792	0.101366887	0.103938461	0.108635142	0.111470886	0.136008643	0.166441613	0.206837512	0.335112664
20220622	0.080311234	0.077574907	0.074428009	0.079306508	0.08561562	0.087359519	0.087210032	0.090800934	0.097656363	0.104233294	0.107421306	0.107515235	0.106212239	0.10908104	0.113641157	0.117015715	0.143480731	0.172474809	0.212926102	0.360226772
20220621	0.080311234	0.077739291	0.073681864	0.079115867	0.08503973	0.087022338	0.087219389	0.091702943	0.097427742	0.105845618	0.107190805	0.106628328	0.104867434	0.1077146	0.112869513	0.11556512	0.140631371	0.166329007	0.201796801	0.323102571
20220620	0.079924192	0.0782191	0.0738684	0.079115867	0.08503973	0.087346394	0.087468789	0.092094097	0.097819368	0.104816563	0.10661514	0.105221313	0.103670853	0.105919518	0.109689633	0.112480221	0.13522416	0.158162861	0.186343076	0.330993915
20220617	0.080311234	0.078369015	0.0738684	0.079115867	0.08503973	0.087344763	0.08741541	0.092057397	0.097616615	0.104554274	0.106811605	0.105230214	0.103356257	0.105148201	0.108502246	0.110386486	0.133519721	0.154296933	0.184555288	0.301994108
20220616	0.080311234	0.078505549	0.0738684	0.079115867	0.08503973	0.087603896	0.087804086	0.092886395	0.098845299	0.105702415	0.108371602	0.107660334	0.105890383	0.107705723	0.111497583	0.114031433	0.136760713	0.159266452	0.190543338	0.305802663
20220615	0.081278839	0.078530627	0.0738684	0.079115867	0.084847767	0.087564018	0.088192744	0.093397803	0.099242451	0.107406927	0.109960109	0.109083484	0.1076771	0.109812664	0.114105488	0.116989052	0.139633931	0.164884325	0.199132032	0.320641188
20220614	0.081278839	0.078695011	0.074054937	0.080259711	0.08503973	0.087729357	0.088578404	0.093434428	0.100557848	0.108621046	0.11134842	0.111114065	0.109486005	0.111305905	0.115085196	0.118376398	0.141389729	0.166005088	0.198264738	0.329514586
20220613	0.08087411	0.07917482	0.074614546	0.080450352	0.085423656	0.08837646	0.08922027	0.094302715	0.10207193	0.110727512	0.113220751	0.113842485	0.112623816	0.115078302	0.11955001	0.122954671	0.147024244	0.170196588	0.199666091	0.3536502
20220610	0.081278839	0.079324735	0.074614546	0.080450352	0.085423656	0.088375005	0.089163856	0.096880531	0.104522798	0.112721775	0.115498282	0.116396476	0.115765903	0.11817268	0.122728639	0.126962079	0.152198808	0.178861631	0.214379084	0.344013848
20220609	0.081278839	0.079461269	0.074614546	0.080450352	0.085423656	0.088185824	0.089161807	0.096981789	0.104853813	0.113157017	0.115703704	0.116477463	0.116178601	0.118794628	0.122920166	0.127475691	0.154137748	0.182740302	0.221636679	0.345931034
20220608	0.081278839	0.079904302	0.076106837	0.080450352	0.085423656	0.088315905	0.089707277	0.097393883	0.105063748	0.113803587	0.115893187	0.116640348	0.116231574	0.118936442	0.123132408	0.12770237	0.155998259	0.19003851	0.233831977	0.374166421
20220607	0.082439965	0.079814579	0.077412591	0.081022274	0.08561562	0.089288697	0.08993421	0.097843231	0.106334645	0.114196018	0.116266746	0.1172945	0.117018955	0.119601088	0.123853044	0.128786925	0.157891694	0.193105725	0.241496516	0.375685796
20220606	0.082052923	0.080153956	0.077412591	0.081022274	0.08561562	0.088835181	0.089431932	0.097847041	0.107152081	0.115004028	0.1171892	0.118343931	0.11819467	0.120566643	0.124424154	0.128783255	0.159226526	0.190644312	0.235090432	0.399743162
20220603	0.082439965	0.080280454	0.077412591	0.081022274	0.08561562	0.088838035	0.089165055	0.098472359	0.107921057	0.115657533	0.117300365	0.118447815	0.118086179	0.120667052	0.124306212	0.128356765	0.158450554	0.188067701	0.227334533	0.376765417
20220602	0.082439965	0.080404163	0.077412591	0.081403555	0.08619151	0.088910453	0.089164088	0.09821265	0.107121874	0.115202733	0.116845123	0.117937079	0.117941511	0.120422687	0.123809167	0.127799186	0.156332372	0.185814287	0.224144628	0.370799376
20220601	0.083601092	0.080418651	0.077412591	0.081403555	0.08619151	0.088851819	0.089546249	0.097604369	0.106863047	0.114316107	0.116657599	0.117479308	0.11749919	0.11987879	0.122660814	0.126648536	0.154929189	0.183784688	0.221297311	0.355490043
20220531	0.083601092	0.080618167	0.077412591	0.081975477	0.085999547	0.089202126	0.089547139	0.098248462	0.106968806	0.114759764	0.117335456	0.118018396	0.117750305	0.119927013	0.123180902	0.127173625	0.153863842	0.182466552	0.219726532	0.353233058
20220530	0.083115412	0.081240742	0.077412591	0.081975477	0.085999547	0.089516417	0.089804736	0.098143357	0.106485427	0.114452709	0.117713217	0.117473159	0.117073149	0.119605916	0.123266102	0.127284864	0.15454368	0.181296351	0.218170684	0.351023512
20220527	0.083601092	0.081427318	0.077412591	0.081975477	0.086383472	0.089367795	0.090125862	0.098331332	0.107266607	0.115573248	0.11858928	0.11865371	0.11839747	0.120918	0.124161901	0.12826468	0.155384171	0.181926776	0.218141851	0.342695988
20220526	0.083601092	0.081591147	0.077412591	0.081975477	0.086575436	0.089907864	0.090287217	0.099328271	0.109063387	0.117807761	0.121087618	0.120804261	0.120379227	0.122683767	0.125986348	0.130179129	0.156686255	0.183587091	0.220524519	0.357260427
20220525	0.084762218	0.081621252	0.077412591	0.081975477	0.086767399	0.090131564	0.090480493	0.100366516	0.109937095	0.118953843	0.122219562	0.121841929	0.121242388	0.123217355	0.12663087	0.130173701	0.156491233	0.184039182	0.220179121	0.357249223
20220524	0.084762218	0.081818513	0.078345273	0.083500602	0.086575436	0.090160687	0.090673806	0.099712212	0.108553724	0.117849217	0.121574352	0.121007593	0.120300009	0.122145213	0.125315616	0.129500151	0.154675484	0.18103512	0.216238941	0.37923709
20220523	0.084276538	0.082394295	0.078345273	0.083500602	0.086575436	0.090073183	0.090678369	0.099866131	0.10845423	0.117684643	0.121827085	0.121488685	0.120627066	0.122529293	0.126159702	0.129718507	0.154978372	0.179898166	0.21377816	0.365533167
20220520	0.084762218	0.082574181	0.078345273	0.081975477	0.086575436	0.090070776	0.090867139	0.101115362	0.110178119	0.1196672	0.123432904	0.1230266	0.122320104	0.124133615	0.127787818	0.132147459	0.157139681	0.183115136	0.21730776	0.345174125
20220519	0.084762218	0.082738011	0.078345273	0.082356759	0.086575436	0.090228251	0.090867139	0.100647719	0.109503329	0.11877017	0.122147724	0.122166427	0.121716303	0.123950396	0.127754704	0.132365182	0.159075821	0.184355009	0.217919755	0.355449321
20220518	0.084955739	0.082898132	0.078345273	0.081784836	0.086575436	0.090018511	0.091060511	0.100815679	0.109489035	0.118993556	0.122484785	0.122664943	0.122624797	0.124872375	0.128531138	0.133166268	0.161484234	0.186881576	0.22035045	0.350852279
20220517	0.084955739	0.083175482	0.079837564	0.081022274	0.086767399	0.090190702	0.091447158	0.100184405	0.108680347	0.118564528	0.122028003	0.122570071	0.12227937	0.124354552	0.12805172	0.131937065	0.161514271	0.187805141	0.221692168	0.352371141
20220516	0.084802683	0.083449315	0.079837564	0.081022274	0.086767399	0.09030529	0.091451741	0.100506303	0.108825405	0.119394349	0.122755784	0.122992947	0.122683987	0.124995324	0.128460546	0.132812376	0.162421012	0.189679775	0.225276377	0.367685827
20220513	0.084955739	0.083721045	0.080770246	0.082738039	0.086959363	0.09047424	0.091866788	0.100901545	0.109001371	0.118649059	0.122189076	0.122764392	0.122864245	0.125594761	0.128818548	0.132802229	0.162197232	0.19004057	0.226798708	0.350943517
20220512	0.084955739	0.083748359	0.080770246	0.08292868	0.086959363	0.090450767	0.091833205	0.10046953	0.109032189	0.118188398	0.12132485	0.121924064	0.122144327	0.124582751	0.127075271	0.131272291	0.162578596	0.190253237	0.225944822	0.340332939
20220511	0.084955739	0.083786798	0.080770246	0.083119321	0.086959363	0.090235124	0.091833205	0.100863384	0.109217246	0.117708461	0.120532646	0.121434448	0.121790599	0.12430658	0.127511436	0.131724602	0.16047896	0.186034513	0.218236901	0.356128038
20220510	0.084955739	0.08382302	0.081143319	0.083881883	0.087535252	0.090212796	0.09086654	0.100470566	0.108669439	0.116804231	0.119732424	0.12070357	0.121263181	0.123496405	0.126476768	0.130628842	0.158202739	0.183558846	0.214088389	0.357889807
20220509	0.084955739	0.083912189	0.081889464	0.083881883	0.087535252	0.08994782	0.090956498	0.099953829	0.10817911	0.116050334	0.118694586	0.119858667	0.120476035	0.122182138	0.125151641	0.128620046	0.156505368	0.179615734	0.207849002	0.337995321
20220506	0.084955739	0.083912189	0.081889464	0.083119321	0.087535252	0.090099724	0.091089589	0.099489776	0.108154862	0.116235433	0.119173433	0.120079972	0.120704668	0.12234471	0.125060894	0.128910067	0.156995598	0.182838943	0.213036785	0.337232539
20220505	0.084955739	0.08376172	0.081143319	0.08292868	0.087343289	0.090064058	0.092815298	0.100254438	0.108985835	0.116843927	0.119686317	0.120357105	0.120944572	0.122795793	0.125525237	0.129004298	0.158869166	0.184329473	0.215037597	0.35908702
20220504	0.08514926	0.083771947	0.081143319	0.08292868	0.087151326	0.090243512	0.092010782	0.100641504	0.109427037	0.117756747	0.120857118	0.121798621	0.122683237	0.12451846	0.12734065	0.130874856	0.160895171	0.186667772	0.217251618	0.354793282
20220503	0.08514926	0.083804078	0.081329854	0.083309962	0.087343289	0.090382077	0.091841287	0.100651215	0.109354095	0.118254216	0.121558614	0.122730849	0.123548337	0.125507332	0.129051917	0.132957023	0.164226428	0.190939113	0.222124281	0.373621249
20220502	0.08506831	0.083884435	0.081143319	0.083315642	0.087343289	0.090074833	0.092299292	0.101176182	0.109703489	0.119265704	0.122553393	0.122827357	0.123733357	0.12624164	0.129789583	0.133767195	0.166749886	0.194533086	0.228034879	0.384272012
20220429	0.08514926	0.083912189	0.081143319	0.083309962	0.087151326	0.090221067	0.091613289	0.101591791	0.109657693	0.120191321	0.12300825	0.123192584	0.124510775	0.12669726	0.130247048	0.134309098	0.166697759	0.194658733	0.229350944	0.376468954
20220428	0.08514926	0.083939503	0.081143319	0.083119321	0.086959363	0.09092698	0.092987965	0.100765124	0.108609601	0.119266742	0.122279347	0.121708796	0.1224293	0.124968305	0.128454864	0.132104641	0.162686762	0.187395957	0.218445049	0.357277253
20220427	0.08514926	0.083977942	0.081143319	0.083691243	0.087343289	0.091390593	0.092804936	0.10131843	0.109678142	0.11998119	0.122470304	0.122521825	0.123135831	0.125368968	0.129156568	0.1332133	0.16340744	0.188524852	0.221062248	0.361961307
20220426	0.08514926	0.084657938	0.082449073	0.08292868	0.087343289	0.091738608	0.092092658	0.101318523	0.108666289	0.119294467	0.122008415	0.121760408	0.122219226	0.124530021	0.128088839	0.132086353	0.15964366	0.183608682	0.215676357	0.352272076
20220425	0.08514926	0.08415628	0.082449073	0.08292868	0.085807583	0.091146118	0.092155473	0.101661029	0.109268785	0.119426158	0.121997265	0.121702412	0.122285439	0.124872431	0.128649212	0.132736432	0.161134208	0.183105524	0.214064196	0.341438086
20220422	0.08514926	0.084103333	0.082449073	0.08292868	0.085807583	0.090258093	0.090954178	0.102046337	0.10991625	0.119612454	0.122058323	0.121640815	0.1218702	0.12409701	0.128333877	0.132122399	0.159532481	0.183075842	0.213989874	0.323933364
20220421	0.08514926	0.084103333	0.081516391	0.08292868	0.085807583	0.089938539	0.090570837	0.100974372	0.109536038	0.118450828	0.121034982	0.120474449	0.120677042	0.122726591	0.126420278	0.130435986	0.157358715	0.181649911	0.212931661	0.312981444
20220420	0.082827007	0.083342294	0.081516391	0.083309962	0.08561562	0.089649992	0.090583848	0.101343958	0.109708421	0.11937025	0.1218452	0.120916668	0.120910011	0.123001927	0.126543049	0.130574561	0.158247566	0.182024071	0.210456672	0.326386353
20220419	0.082827007	0.082926383	0.080956783	0.084072524	0.086383472	0.089474616	0.090031941	0.101558791	0.109614452	0.119610711	0.122144944	0.121530232	0.12101975	0.122660268	0.126476395	0.130501745	0.158627618	0.17989824	0.206941211	0.321641815
20220418	0.083168494	0.082659547	0.080956783	0.084072524	0.085423656	0.089350923	0.090279039	0.101302763	0.108658044	0.118662525	0.121237039	0.120685345	0.120461722	0.122017243	0.125097561	0.129096512	0.156109826	0.175580619	0.201302679	0.320319254
20220413	0.082827007	0.082574181	0.080956783	0.084072524	0.085423656	0.089139454	0.08999225	0.101891696	0.109501907	0.119543677	0.122006959	0.121239608	0.120829249	0.122345893	0.125182122	0.129587003	0.155477892	0.17493515	0.201479231	0.320634866
20220412	0.082827007	0.082491703	0.08263561	0.084644446	0.085807583	0.089006092	0.090008296	0.101431323	0.108864522	0.119063723	0.121458599	0.120651204	0.120170814	0.12138806	0.124433946	0.1284591	0.153632072	0.173136037	0.200939362	0.311071564
20220411	0.082246445	0.082456035	0.08263561	0.085025728	0.086959363	0.08912165	0.090584583	0.101632412	0.109479656	0.120074312	0.12196713	0.121572724	0.121311732	0.122531935	0.126044421	0.13014559	0.155789947	0.175706873	0.203451122	0.308142714
20220408	0.082246445	0.082325637	0.081889464	0.084453805	0.086959363	0.090134088	0.090773547	0.102096763	0.109364644	0.120270343	0.122186262	0.121605715	0.121468772	0.123028278	0.126333841	0.130049575	0.15543032	0.174272185	0.201801241	0.306054144
20220407	0.082246445	0.081943349	0.081889464	0.084453805	0.086959363	0.090156396	0.091161586	0.10242839	0.109723399	0.120620367	0.122661293	0.121925495	0.12162164	0.12307995	0.126566013	0.130579588	0.156695177	0.174459291	0.199254039	0.310710594
20220406	0.082246445	0.081809606	0.081889464	0.084835087	0.086959363	0.090228212	0.09134038	0.103208647	0.110327875	0.121263417	0.123393377	0.122654045	0.122096276	0.123724576	0.126882386	0.131054491	0.158320007	0.177081499	0.202654254	0.308488473
20220405	0.082246445	0.08171432	0.081702927	0.085025728	0.086959363	0.090200371	0.091337596	0.1037961	0.111429144	0.122109327	0.124219013	0.123430763	0.123253579	0.125410289	0.128823578	0.132752794	0.160341967	0.179709349	0.205144645	0.313210926
20220404	0.08147236	0.081720074	0.081702927	0.085025728	0.087727216	0.090244967	0.091504442	0.104207121	0.112114933	0.122152348	0.124260885	0.123876898	0.123831987	0.12545687	0.128693156	0.132976849	0.160974591	0.181594418	0.206564811	0.315450069
20220401	0.08147236	0.08161957	0.080956783	0.085025728	0.087923075	0.090217729	0.091696461	0.104747496	0.112697935	0.122800063	0.124952922	0.124414273	0.124448426	0.126504149	0.129803459	0.13368448	0.161877865	0.181967349	0.207288853	0.325039063
20220331	0.081805004	0.081333256	0.080956783	0.085025728	0.088111143	0.090040915	0.091446076	0.104678148	0.111326894	0.121553906	0.124325776	0.123620696	0.123457495	0.125567644	0.129052822	0.133001859	0.159607789	0.180444745	0.205205801	0.320982451
20220330	0.08147236	0.081236174	0.080956783	0.085025728	0.088111143	0.090203109	0.091312791	0.104282813	0.111932397	0.12180831	0.124650917	0.124491501	0.124032069	0.126471174	0.130163631	0.134504203	0.161349375	0.182882066	0.209389714	0.327943182
20220329	0.08147236	0.081140315	0.080956783	0.085216367	0.088303106	0.090116149	0.09087205	0.104259432	0.112600582	0.122008724	0.124964307	0.125101607	0.124805563	0.127284828	0.130990794	0.134982854	0.163446388	0.187356887	0.219365309	0.334498346
20220328	0.081278839	0.081047438	0.080956783	0.085216367	0.088495069	0.089936326	0.090872127	0.104619881	0.113490763	0.12263938	0.125651974	0.125911599	0.125786825	0.128161966	0.131718534	0.135719396	0.165322455	0.189983448	0.224014594	0.333256467
20220325	0.081278839	0.080565775	0.079651027	0.085407008	0.088303106	0.090365866	0.091645634	0.104837304	0.11400885	0.123346488	0.126244531	0.126804498	0.126362191	0.128546004	0.132144242	0.136476229	0.167651316	0.190756336	0.223235656	0.359688276
20220324	0.081278839	0.080304424	0.079651027	0.085407008	0.088687032	0.09028009	0.091873573	0.104377763	0.113677962	0.123573289	0.126515865	0.126967226	0.126487213	0.128457142	0.132065734	0.136111132	0.168934208	0.19143412	0.220919274	0.356627213
20220323	0.081278839	0.080280454	0.079651027	0.085407008	0.088303106	0.090271663	0.092224957	0.104587195	0.113629699	0.123705261	0.12705356	0.127728832	0.126960041	0.128376211	0.132211016	0.136678638	0.169317328	0.189763862	0.218840486	0.344976239
20220322	0.081278839	0.080280454	0.079651027	0.085597649	0.088303106	0.090467619	0.092224106	0.104510595	0.113676809	0.124144359	0.127180764	0.127522134	0.126714832	0.128909672	0.132245021	0.136284576	0.168077317	0.188254973	0.212652535	0.344069466
20220318	0.081278839	0.080280454	0.079651027	0.084644446	0.088687032	0.090407122	0.092609147	0.10477319	0.114099307	0.124693089	0.127662558	0.127921674	0.127916174	0.129612913	0.133035505	0.137134852	0.168859201	0.189250271	0.218192708	0.327544426
20220317	0.082052923	0.08104503	0.079091419	0.085025728	0.087919179	0.090593294	0.09260878	0.10445255	0.113899976	0.123377962	0.126623314	0.126720932	0.126783324	0.128130913	0.132013622	0.136430969	0.166369012	0.186013048	0.213018682	0.31945925
20220316	0.082052923	0.08104503	0.079091419	0.085025728	0.087919179	0.090507654	0.093006312	0.104135478	0.113906996	0.124159268	0.127306679	0.127158873	0.127494396	0.129223756	0.133119042	0.137349549	0.165620277	0.18386183	0.209316737	0.322512377
20220315	0.082052923	0.08104503	0.079091419	0.084644446	0.087919179	0.09047424	0.093223889	0.105062385	0.115160558	0.125446229	0.128380696	0.128201338	0.128279322	0.129753002	0.133414155	0.138024353	0.167369941	0.186604361	0.216043023	0.324665722
20220314	0.082052923	0.08104503	0.079091419	0.084072524	0.088303106	0.090443079	0.093573203	0.10564303	0.115853891	0.126219033	0.129695293	0.129300242	0.129697836	0.131313388	0.134981685	0.139910303	0.168633431	0.187992113	0.217969534	0.328512054
20220311	0.082052923	0.08104503	0.079091419	0.084072524	0.088303106	0.090602613	0.093573203	0.10552618	0.115010118	0.125548593	0.128823314	0.128231972	0.129197	0.131066393	0.134310634	0.138805393	0.168073528	0.186655642	0.216147227	0.333339005
20220310	0.082052923	0.08104503	0.080210637	0.084835087	0.088495069	0.090567413	0.093186537	0.104836341	0.114576963	0.124967225	0.12791936	0.127464783	0.128395277	0.130071844	0.133545162	0.138323873	0.167129004	0.185392492	0.213562318	0.329102343
20220309	0.082052923	0.08104503	0.079091419	0.084644446	0.088495069	0.09049385	0.093186537	0.105580082	0.115409449	0.125707181	0.129375173	0.129107084	0.129286122	0.131213048	0.134418251	0.139273084	0.168153914	0.18746646	0.215319595	0.33275078
20220308	0.082052923	0.08104503	0.079091419	0.084453805	0.088495069	0.090462339	0.093226015	0.106677575	0.116487135	0.127103635	0.130821678	0.130190388	0.130397298	0.132328027	0.135336388	0.139919996	0.169327773	0.188713976	0.218144669	0.32959414
20220307	0.082052923	0.08104503	0.079091419	0.084644446	0.088495069	0.0907517	0.093408928	0.107824494	0.11763877	0.128453951	0.132212299	0.131688611	0.131940157	0.133455584	0.136524787	0.14088349	0.171762433	0.191767982	0.217863509	0.330223638
20220304	0.082052923	0.08104503	0.079091419	0.084644446	0.088495069	0.090867337	0.093411016	0.108228282	0.117873278	0.127664248	0.132249867	0.131629561	0.131560669	0.1328115	0.136190106	0.140900679	0.168665969	0.18803758	0.215189206	0.333865344
20220303	0.082052923	0.080662742	0.080397173	0.084263164	0.088303106	0.090958704	0.09360172	0.108261375	0.117775061	0.128005999	0.132027519	0.131504009	0.131210071	0.132419643	0.136823306	0.141396454	0.169093815	0.187944662	0.217344218	0.336936573
20220302	0.081777601	0.08067723	0.080397173	0.084072524	0.088303106	0.090699222	0.093216349	0.107891142	0.117644189	0.127500485	0.13132537	0.130988084	0.131154893	0.13189254	0.136215451	0.140792864	0.168609385	0.188904671	0.219614737	0.357264781
20220301	0.082052923	0.080763437	0.080770246	0.084072524	0.088303106	0.090641288	0.09340742	0.106364778	0.116118317	0.125637349	0.129042916	0.128595453	0.128874835	0.129932047	0.133967984	0.13842909	0.165659281	0.188114513	0.220421469	0.347302567
20220228	0.082246445	0.080777829	0.080770246	0.083309962	0.088111143	0.090179402	0.093402954	0.106692447	0.116388773	0.126212326	0.129867381	0.129447024	0.129591432	0.130716873	0.135042298	0.139821346	0.168601662	0.193099336	0.229613503	0.362291036
20220225	0.082149683	0.080811433	0.079837564	0.083500602	0.088111143	0.08997438	0.093293218	0.10659341	0.116406199	0.126443827	0.129927969	0.129526989	0.129230826	0.130296968	0.134343455	0.139404007	0.168195819	0.194779056	0.233021309	0.358044279
20220224	0.082246445	0.080813669	0.079837564	0.083500602	0.088111143	0.089903922	0.093795189	0.106995664	0.118259288	0.127798491	0.131520513	0.131246817	0.131199139	0.132328487	0.13643775	0.141340014	0.172858273	0.200391064	0.239721465	0.360322372
20220223	0.082246445	0.08104503	0.079837564	0.083500602	0.088111143	0.089870276	0.09399032	0.107378309	0.118796816	0.128043687	0.131642057	0.131841542	0.131273772	0.133218758	0.137300928	0.142189217	0.174218551	0.201687386	0.240319496	0.371272757
20220222	0.082246445	0.081088687	0.079837564	0.083119321	0.088111143	0.090623891	0.094175454	0.107377476	0.118719139	0.128205462	0.131551652	0.13236632	0.131525564	0.133469565	0.137854356	0.1431185	0.175491221	0.203487902	0.241596996	0.383277434
20220221	0.082246445	0.081236174	0.079464491	0.08292868	0.088303106	0.09146274	0.094175126	0.107739072	0.118919065	0.128855571	0.13306519	0.133685728	0.132294694	0.133851085	0.13884419	0.143657067	0.177457275	0.207264253	0.245779265	0.38056513
20220218	0.082246445	0.081236174	0.079464491	0.08292868	0.088111143	0.091687915	0.09439309	0.109221319	0.119830344	0.129861319	0.133991729	0.133719994	0.132360056	0.133863634	0.138597557	0.143768114	0.178567172	0.208806844	0.247903365	0.374203041
20220217	0.082246445	0.081236174	0.079464491	0.08292868	0.087919179	0.091639145	0.094244842	0.110000686	0.120433434	0.130500917	0.134757313	0.134285014	0.133532596	0.134633281	0.139877488	0.14551063	0.179139934	0.208666941	0.246657256	0.383589352
20220216	0.082246445	0.081236174	0.079464491	0.083309962	0.088303106	0.091978287	0.094663119	0.110661539	0.121672253	0.13124251	0.135338386	0.134622533	0.13362676	0.134723173	0.139713155	0.145236985	0.178649336	0.208244955	0.249859929	0.378712774
20220215	0.082246445	0.081236174	0.079464491	0.083881883	0.088878995	0.091928176	0.095313394	0.111451284	0.123690291	0.132795387	0.136923094	0.135883173	0.134532784	0.136050225	0.140662077	0.146151158	0.181862347	0.212279671	0.254276729	0.376500928
20220214	0.082246445	0.081236174	0.080210637	0.084263164	0.088303106	0.092321565	0.094374395	0.112039329	0.124436764	0.133748624	0.137516856	0.136350915	0.135603124	0.137355992	0.141799016	0.146986726	0.181317044	0.212278815	0.254554348	0.397464297
20220211	0.082246445	0.081236174	0.080210637	0.084263164	0.088111143	0.09208571	0.094245557	0.112086331	0.125529013	0.134387379	0.13809942	0.136624414	0.136692111	0.138674738	0.14289016	0.147861688	0.181751479	0.211800007	0.253993484	0.397473351
20220210	0.082246445	0.081236174	0.080210637	0.084263164	0.088111143	0.092015699	0.093997066	0.112399278	0.125393695	0.134989905	0.138921424	0.137870085	0.137688214	0.13973465	0.143963384	0.149025791	0.182560366	0.212908966	0.254342394	0.409274915
20220209	0.08321405	0.082191893	0.080210637	0.084072524	0.088111143	0.091908839	0.094183691	0.112068093	0.125179907	0.134754513	0.138770748	0.137894553	0.137429324	0.139461888	0.143390293	0.14867575	0.181786016	0.210104919	0.247953588	0.420310372
20220208	0.082246445	0.082191893	0.080210637	0.083500602	0.088303106	0.091833101	0.094183614	0.112285423	0.125310924	0.134672517	0.139747361	0.138164562	0.137889823	0.139552781	0.14329248	0.149021086	0.182067035	0.209594252	0.24730547	0.419406166
20220204	0.082246445	0.082955361	0.081143319	0.083500602	0.088303106	0.091759265	0.094378629	0.1114427	0.123895725	0.134519087	0.138667568	0.136906955	0.137038991	0.139184256	0.142678663	0.14744267	0.180059331	0.2065815	0.243346272	0.401310636
20220203	0.082246445	0.082389727	0.081329854	0.083691243	0.088495069	0.091612856	0.09462132	0.111782967	0.124371112	0.135320002	0.139597305	0.137564458	0.137767094	0.140222714	0.143717429	0.148886144	0.181492885	0.20866842	0.24626437	0.407038188
20220202	0.082246445	0.082191893	0.08136955	0.083309962	0.088687032	0.09186566	0.094757677	0.110982216	0.123551228	0.134760076	0.13920821	0.137357006	0.137289887	0.139765718	0.143238013	0.148384552	0.180946659	0.20896779	0.249129018	0.390414761
20220201	0.082246445	0.08205536	0.081143319	0.083691243	0.089646848	0.091942155	0.095906076	0.110856024	0.123408798	0.134368261	0.139140657	0.138048145	0.138137706	0.140371401	0.143810892	0.148914448	0.182271802	0.209610726	0.250047062	0.392514006
20220131	0.081278839	0.081783228	0.080210637	0.083691243	0.090798628	0.09331319	0.09415355	0.110815107	0.123266676	0.1347508	0.140143253	0.138489421	0.1384147	0.141217876	0.144995246	0.150429227	0.184235355	0.212577621	0.251655963	0.406317609
20220128	0.081859403	0.081429554	0.081702927	0.083881883	0.090030775	0.093027342	0.094156624	0.10966497	0.121714899	0.133527492	0.138530704	0.1373638	0.137727757	0.140007385	0.14392886	0.149168049	0.183500121	0.212569788	0.251737309	0.39520284
20220127	0.081278839	0.080853886	0.079837564	0.083881883	0.089070959	0.092946245	0.093766594	0.108193266	0.120864898	0.132818571	0.137625109	0.136673666	0.136757119	0.139040286	0.142889669	0.148091197	0.183187611	0.212548496	0.252942548	0.417202146
20220126	0.081278839	0.080280454	0.079091419	0.082356759	0.086767399	0.091732356	0.092413399	0.10738802	0.120320636	0.132433498	0.137501237	0.136479645	0.13613977	0.137603196	0.141663712	0.146854692	0.183029794	0.211552433	0.251488652	0.403782585
20220125	0.081278839	0.080280454	0.079091419	0.082356759	0.086767399	0.090772398	0.091446907	0.107668133	0.11986786	0.132137111	0.137010637	0.135966865	0.13550827	0.13791387	0.14131268	0.14573939	0.182096349	0.209888314	0.245377492	0.393888319
20220124	0.081278839	0.080617422	0.078904882	0.081022274	0.08619151	0.089858142	0.091446848	0.10911416	0.121414056	0.133667808	0.138340903	0.137102566	0.137142574	0.138685828	0.142183813	0.147190374	0.181577282	0.208714085	0.242870996	0.390772558
20220121	0.08147236	0.080478843	0.078904882	0.081022274	0.08619151	0.089731167	0.09144944	0.10957988	0.122069927	0.134119244	0.13921206	0.138601953	0.138348221	0.139930905	0.143206242	0.148261616	0.181802918	0.209924492	0.243299324	0.392145296
20220120	0.081278839	0.080471598	0.078904882	0.081594195	0.08619151	0.089697638	0.091475443	0.110306751	0.122871288	0.134564838	0.139883639	0.139248228	0.138369411	0.139487432	0.143533312	0.148393186	0.182202583	0.209806803	0.244467729	0.365813937
20220119	0.081278839	0.080771961	0.079837564	0.081022274	0.08619151	0.089662923	0.091833205	0.110771064	0.123539689	0.135359188	0.140277623	0.139784862	0.139499955	0.141202557	0.144742679	0.149697299	0.183391265	0.209214443	0.242543673	0.392257935
20220118	0.081278839	0.080656606	0.079837564	0.081403555	0.086383472	0.089814283	0.091639872	0.110836805	0.123858155	0.136181668	0.141678238	0.141659525	0.141276135	0.142417918	0.146591285	0.152054391	0.185418771	0.211678397	0.245956827	0.398834034
20220117	0.081278839	0.080280454	0.078345273	0.081594195	0.085807583	0.090372195	0.091059874	0.110735216	0.124018136	0.137157138	0.14187857	0.142068012	0.141838732	0.143599177	0.147826541	0.153054525	0.185546573	0.210776182	0.243796618	0.406016681
20220114	0.081278839	0.080280454	0.078345273	0.081594195	0.08619151	0.090725044	0.091059874	0.110206622	0.123290798	0.13691849	0.14198185	0.142126653	0.142139942	0.143609862	0.148074426	0.153465051	0.18544144	0.210695601	0.243693164	0.405901278
20220113	0.081278839	0.080280454	0.0779722	0.081784836	0.08619151	0.090273644	0.091095872	0.108802399	0.122465045	0.13639201	0.141622839	0.142244532	0.1423063	0.144396065	0.148553018	0.154366223	0.187834019	0.214376219	0.249827257	0.396111629
20220112	0.081278839	0.080280454	0.0779722	0.081403555	0.086383472	0.09024819	0.091668428	0.106392783	0.12028312	0.133558561	0.138907477	0.139396079	0.139701123	0.142029943	0.146034345	0.150912001	0.183877217	0.208257465	0.237671923	0.384374661
20220111	0.08147236	0.080346208	0.0779722	0.081403555	0.086383472	0.090219359	0.091473548	0.105600153	0.119257046	0.132581208	0.137681596	0.13842677	0.138166023	0.14068778	0.144432171	0.149390656	0.180256242	0.205144354	0.235896441	0.370982081
20220110	0.08147236	0.080993765	0.079837564	0.081403555	0.087151326	0.090310979	0.091089047	0.105120117	0.118026742	0.131914974	0.136351128	0.136135852	0.137060049	0.139823845	0.143533087	0.148392707	0.179044456	0.204639061	0.234115714	0.3764469
20220107	0.08147236	0.080476606	0.079277955	0.081212914	0.087151326	0.090185636	0.09114637	0.104670213	0.117012368	0.130681633	0.135273311	0.135689072	0.136084342	0.139451899	0.14309454	0.147742035	0.177076501	0.200926877	0.229258241	0.368334978
20220106	0.081278839	0.080471598	0.079277955	0.081212914	0.087151326	0.090164823	0.091088351	0.104751696	0.117575045	0.130343385	0.135500747	0.136195609	0.136256005	0.139086156	0.143215196	0.148551005	0.177364843	0.198956766	0.229174568	0.377676891
20220105	0.081278839	0.079939396	0.077226055	0.081212914	0.087343289	0.090195148	0.091091754	0.10453209	0.117300268	0.129673403	0.135014065	0.13581472	0.136723763	0.140178791	0.144019954	0.149286112	0.178958769	0.201011594	0.231866334	0.364287091
20220104	0.081278839	0.080011113	0.077226055	0.081212914	0.087343289	0.090002726	0.09089121	0.102586769	0.115738555	0.128239736	0.133139155	0.134174243	0.134468098	0.13781751	0.14187473	0.147047534	0.17670345	0.198710363	0.226298563	0.37179553
20220103	0.081278839	0.07673676	0.074255295	0.081403555	0.086959363	0.090108402	0.090888773	0.102024714	0.114970839	0.128128905	0.132659186	0.133696343	0.134566537	0.137595933	0.141676298	0.146585401	0.175323192	0.197816697	0.227576983	0.364379495
20211231	0.078921192	0.077302393	0.073495327	0.081403555	0.086959363	0.090094365	0.091122514	0.102471306	0.115349233	0.128607187	0.133982974	0.134897085	0.135520701	0.138895397	0.142743841	0.147904699	0.177074557	0.200800597	0.231573266	0.371491366
20211230	0.081278839	0.077413295	0.073495327	0.081784836	0.086959363	0.090410151	0.091274086	0.102570897	0.115660392	0.128363523	0.134159247	0.135129619	0.135714157	0.138500076	0.142362595	0.147751701	0.177381467	0.199450694	0.229872343	0.369009678
20211229	0.081278839	0.077662394	0.073495327	0.081403555	0.087535252	0.090754711	0.091665257	0.104048706	0.116707762	0.128962264	0.134489328	0.135783473	0.136047238	0.138597842	0.142941821	0.14841371	0.178667283	0.200675821	0.22909756	0.377179093
20211228	0.081278839	0.077276206	0.073495327	0.081403555	0.087727216	0.090870948	0.091860698	0.105191093	0.117042449	0.129051477	0.136002833	0.136194131	0.136481478	0.139281911	0.143211936	0.148668499	0.178145927	0.200927125	0.228256164	0.375875587
20211227	0.081278839	0.077398252	0.077412591	0.081212914	0.088303106	0.090838078	0.09186497	0.105922422	0.118805259	0.129897687	0.136594872	0.136771055	0.137089585	0.139282634	0.143286107	0.148763622	0.17599543	0.197229844	0.222591289	0.375637964
20211224	0.080227846	0.077812518	0.074614546	0.081594195	0.088495069	0.090893334	0.092127807	0.10680534	0.119698445	0.130599743	0.137292769	0.138228612	0.138264359	0.140502196	0.144545244	0.149306222	0.177768331	0.201357693	0.227920281	0.376202317
20211223	0.081278839	0.077986726	0.074614546	0.08292868	0.088878995	0.091312854	0.092641125	0.10793032	0.121069252	0.131232776	0.13731979	0.138638877	0.138985805	0.141566643	0.144891925	0.149171177	0.177387013	0.201095273	0.22527592	0.399628681
20211222	0.081278839	0.078194023	0.074614546	0.08292868	0.089262922	0.091581598	0.093025684	0.107283767	0.119847661	0.130069337	0.135608833	0.137762774	0.137776719	0.140671906	0.143887551	0.148510331	0.176789326	0.19833886	0.222837096	0.385228153
20211221	0.081278839	0.078124924	0.075360692	0.08292868	0.089454885	0.091550399	0.093220022	0.10788907	0.120185696	0.130609724	0.137129922	0.13898712	0.138427469	0.141643318	0.145459789	0.150149493	0.180825436	0.201524296	0.225906339	0.401350532
20211220	0.08055031	0.078947015	0.075547227	0.08292868	0.088495069	0.091023414	0.092751983	0.10776987	0.119453138	0.129009406	0.135319468	0.136064363	0.136414662	0.139565205	0.143553974	0.148501608	0.178414211	0.19838755	0.226576584	0.391937119
20211217	0.081278839	0.079133591	0.075547227	0.08292868	0.087919179	0.09090805	0.092063369	0.106500255	0.11791461	0.127186688	0.13254648	0.133341369	0.132776927	0.135233595	0.140043657	0.14528863	0.174654943	0.196178422	0.229296765	0.366640409
20211216	0.081278839	0.07929742	0.075360692	0.08292868	0.087727216	0.090971324	0.091483157	0.105981744	0.116556369	0.125254336	0.130344487	0.130420987	0.131253465	0.13366916	0.138356351	0.143056799	0.173000721	0.197620404	0.232117508	0.37840643
20211215	0.082439965	0.079327525	0.075360692	0.081403555	0.087343289	0.090148417	0.091096394	0.105186302	0.115616684	0.123872334	0.128638937	0.127955421	0.129045189	0.131658358	0.136797018	0.143975043	0.170176975	0.191349169	0.22372231	0.392000383
20211214	0.082439965	0.079405531	0.075547227	0.081975477	0.087343289	0.090123099	0.090905999	0.10516982	0.115700715	0.124171204	0.128870141	0.128384431	0.128974317	0.131252506	0.136672637	0.141337068	0.171945708	0.194987644	0.228656307	0.37177472
20211213	0.081954286	0.080100568	0.075547227	0.080640992	0.087343289	0.090047342	0.090980162	0.104634919	0.11540673	0.123282324	0.12764873	0.127913246	0.127315738	0.129582431	0.135191838	0.141870621	0.169618737	0.194308896	0.227672108	0.343607028
20211210	0.082439965	0.080280454	0.075547227	0.081784836	0.087151326	0.089873597	0.09091004	0.104707245	0.115726547	0.124001401	0.128916851	0.128607545	0.128584264	0.130274193	0.136108897	0.142658925	0.171447633	0.195747273	0.226062811	0.350197427
20211209	0.082439965	0.080444284	0.075547227	0.081975477	0.086767399	0.090024917	0.090674078	0.104191046	0.115510492	0.123496627	0.12895318	0.129200053	0.127421907	0.129121343	0.134653643	0.140613126	0.170543536	0.193044424	0.224725444	0.338968484
20211208	0.083601092	0.080474389	0.075547227	0.081975477	0.086767399	0.090000183	0.090480841	0.103674495	0.114718708	0.124346374	0.129291397	0.130067367	0.127963637	0.129292263	0.134173786	0.13992474	0.169784978	0.191048462	0.216325409	0.342737253
20211207	0.083601092	0.080671649	0.0779722	0.082547398	0.085999547	0.090042119	0.090867488	0.105479084	0.116837806	0.127642174	0.13180683	0.133968065	0.132777588	0.134215923	0.139077905	0.144756279	0.173138091	0.194407894	0.225993197	0.34386784
20211206	0.083115412	0.081247432	0.076106837	0.083691243	0.08619151	0.090121604	0.090875916	0.107933964	0.119467971	0.1297247	0.134005675	0.135379278	0.134817712	0.136637795	0.141100997	0.146758444	0.175541537	0.197649953	0.225697092	0.379579298
20211203	0.083601092	0.081427318	0.076106837	0.083881883	0.085423656	0.090094035	0.090867564	0.108349481	0.119212023	0.129425759	0.133756675	0.135103484	0.133656149	0.136131921	0.140059716	0.1454526	0.173142926	0.195446323	0.225130621	0.377933198
20211202	0.083601092	0.081591147	0.076106837	0.083881883	0.085807583	0.089867558	0.090674078	0.106880071	0.117003547	0.127908917	0.132346919	0.132123565	0.131233141	0.133335474	0.137127494	0.142305665	0.169267577	0.190730823	0.218664806	0.373874359
20211201	0.083794612	0.081732708	0.077039519	0.083119321	0.085807583	0.08983327	0.091254018	0.106381629	0.116149784	0.127202267	0.131125641	0.130660645	0.130349732	0.13170064	0.135491036	0.140654937	0.167999008	0.191577537	0.223084942	0.337331101
20211130	0.083794612	0.081814059	0.080397173	0.08578829	0.086767399	0.090332801	0.091253863	0.105370521	0.115552742	0.125328235	0.129726097	0.128935471	0.128051115	0.129677219	0.134375159	0.139846974	0.165957501	0.189721985	0.221817666	0.342452577
20211129	0.083551763	0.082101941	0.078345273	0.085216367	0.087343289	0.090681069	0.091451237	0.104223251	0.114259091	0.124043209	0.128310313	0.127488733	0.126593778	0.128174835	0.132779292	0.138298606	0.16519323	0.189568599	0.222636806	0.32662211
20211126	0.083794612	0.082191893	0.078345273	0.085407008	0.087535252	0.090862542	0.091669858	0.102726391	0.113013215	0.122462765	0.12690717	0.125867835	0.126105477	0.127062514	0.131337874	0.136741023	0.163538298	0.189223646	0.224406102	0.36126386
20211125	0.083794612	0.082213626	0.080210637	0.085597649	0.087535252	0.090850135	0.091833205	0.102121402	0.112179955	0.122532563	0.127241821	0.126198496	0.126419162	0.126757683	0.131466512	0.137016763	0.165971591	0.194028225	0.232139492	0.346828791
20211124	0.083988134	0.08235945	0.078345273	0.085597649	0.087727216	0.091039782	0.092026538	0.101183989	0.110954764	0.122385575	0.127844977	0.126517505	0.126713525	0.126993312	0.132227008	0.138062867	0.167896776	0.194637549	0.230576127	0.36270372
20211123	0.083988134	0.081371026	0.077599127	0.086169571	0.088303106	0.091010038	0.091639872	0.100346889	0.110034665	0.122009357	0.126882359	0.125491302	0.126039395	0.126303622	0.131526222	0.137484957	0.166480457	0.192086418	0.220022424	0.372070284
20211122	0.083988134	0.081850836	0.077599127	0.086169571	0.088111143	0.091014678	0.091639872	0.10039748	0.110172953	0.121856313	0.127173515	0.12491812	0.125442588	0.12666736	0.131163629	0.136695542	0.16424304	0.186884584	0.2144202	0.362208607
20211119	0.083988134	0.08200075	0.077599127	0.086550852	0.087919179	0.090967111	0.091664909	0.100772079	0.111263763	0.123222385	0.128246444	0.126603241	0.126260431	0.12786188	0.131694001	0.1367986	0.163671602	0.186216144	0.213636073	0.361167236
20211118	0.083988134	0.082137283	0.077599127	0.086360212	0.088111143	0.090967519	0.0916675	0.100536769	0.111988454	0.123662028	0.129793666	0.126217116	0.126731848	0.127736427	0.13177823	0.136903365	0.162200667	0.183207339	0.212004083	0.358588097
20211117	0.084181654	0.082266382	0.077599127	0.086550852	0.088878995	0.09117462	0.092047264	0.099212919	0.111598124	0.122268407	0.126493967	0.124386029	0.123414896	0.124946684	0.127825455	0.13216638	0.157356293	0.177907811	0.203624027	0.35828954
20211116	0.084181654	0.082951461	0.079651027	0.087122774	0.089838812	0.091565192	0.092239244	0.098803969	0.111477981	0.122006523	0.126481696	0.124311664	0.124534051	0.126101398	0.129249446	0.133447876	0.155617641	0.176192028	0.202681251	0.340390432
20211112	0.084343555	0.083592099	0.083008683	0.087313415	0.090222739	0.091925187	0.092473621	0.098620341	0.111659996	0.121642557	0.126002998	0.123821827	0.123704526	0.126564099	0.129206872	0.133211516	0.154888184	0.175651381	0.198747489	0.3574758
20211111	0.084181654	0.083529901	0.083008683	0.087313415	0.090222739	0.091851507	0.092436038	0.099415691	0.112023738	0.121541514	0.126415248	0.124553397	0.124438462	0.127345405	0.129988508	0.134171635	0.156414759	0.177468504	0.203287714	0.333915152
20211110	0.084181654	0.083475291	0.083008683	0.087313415	0.090222739	0.092152615	0.0922202	0.098951748	0.11123109	0.121842812	0.126121965	0.125135243	0.124728534	0.127323479	0.130395403	0.135052735	0.156638183	0.176546792	0.200043487	0.336695137
20211109	0.084181654	0.083398394	0.083008683	0.087313415	0.090414701	0.092598385	0.092413494	0.0993427	0.111683075	0.122083414	0.127121649	0.126165363	0.125701992	0.129182421	0.13309878	0.138033438	0.160691449	0.185033941	0.206515297	0.356552744
20211108	0.084181654	0.080145029	0.081702927	0.087313415	0.090414701	0.092807777	0.092800026	0.099365026	0.11178959	0.121086891	0.126141855	0.12458469	0.124774264	0.127594613	0.131008967	0.135449769	0.157341169	0.180504624	0.196539839	0.345237436
20211105	0.084181654	0.07939217	0.081702927	0.087313415	0.090414701	0.092739746	0.093767038	0.099202338	0.111705829	0.121250355	0.126653901	0.12510233	0.124963574	0.1278163	0.130995264	0.135312927	0.157198476	0.176050538	0.19026336	0.341632059
20211104	0.084181654	0.079324735	0.081702927	0.087313415	0.090414701	0.092716079	0.093766575	0.099641698	0.111669086	0.12122307	0.126564132	0.125111356	0.124949453	0.127828279	0.130984581	0.135440232	0.158130031	0.175536142	0.189719213	0.340799218
20211103	0.084181654	0.079469622	0.081702927	0.089601103	0.092334335	0.094925146	0.092106675	0.099589201	0.111695063	0.121005246	0.124526911	0.12335245	0.123437511	0.126947914	0.130061508	0.134309925	0.15677752	0.171923968	0.187253309	0.34339982
20211101	0.084181654	0.08008262	0.081702927	0.087885336	0.092334335	0.094906585	0.092098729	0.099632985	0.111757655	0.120546363	0.124825784	0.123380567	0.12399301	0.12781612	0.130784565	0.134811348	0.1561819	0.170985575	0.189136002	0.332089205
20211029	0.084181654	0.083147613	0.081143319	0.086741493	0.091950408	0.094518187	0.092431649	0.098886858	0.110618548	0.119684081	0.124222194	0.123226362	0.123926033	0.127106409	0.130044253	0.134174285	0.155186227	0.169428371	0.185323722	0.317641003
20211028	0.08321405	0.082191893	0.080210637	0.083881883	0.090222739	0.093841785	0.088615448	0.099501743	0.111303276	0.119568428	0.12375294	0.122654675	0.124534727	0.126851261	0.129496251	0.133420501	0.155399328	0.170406024	0.184435984	0.322592633
20211027	0.08321405	0.082191893	0.080210637	0.083881883	0.090222739	0.093697705	0.09335725	0.100903377	0.112329063	0.122590496	0.12699165	0.127424698	0.126981319	0.131182523	0.134496307	0.138847423	0.162076631	0.178517725	0.198948413	0.359993793
20211026	0.08321405	0.081700386	0.0779722	0.084263164	0.090222739	0.093133775	0.093527422	0.102197094	0.114911199	0.127238829	0.130982181	0.131133922	0.130630457	0.136320539	0.139635764	0.144178059	0.167361163	0.188749872	0.211118834	0.359990525
20211025	0.08321405	0.081815741	0.0779722	0.084072524	0.089262922	0.092543964	0.093615601	0.101662009	0.113454183	0.123824066	0.12812068	0.12700124	0.127625353	0.131561316	0.13492445	0.139179099	0.160561713	0.181130023	0.206508531	0.36581119
20211022	0.08321405	0.080959207	0.0779722	0.083309962	0.089070959	0.092043172	0.091799933	0.100337271	0.112507081	0.121147675	0.125781605	0.123748341	0.12441335	0.126936352	0.13102472	0.135669612	0.158174402	0.179823799	0.206794444	0.347571937
20211021	0.082890269	0.081311848	0.0779722	0.083119321	0.089070959	0.091505375	0.089753812	0.101216951	0.113110351	0.122189193	0.126457638	0.12582808	0.124248242	0.126963455	0.130632578	0.135122812	0.159488098	0.181671958	0.208076752	0.366701303
20211020	0.08321405	0.081427318	0.077412591	0.086169571	0.089070959	0.091464642	0.091530736	0.100524191	0.112245914	0.121560155	0.125766688	0.12487541	0.123263733	0.126297027	0.129709944	0.134227701	0.157373383	0.179669782	0.203196702	0.392299964
20211019	0.083020529	0.081522604	0.077599127	0.086360212	0.089262922	0.091464914	0.091366557	0.101124611	0.112182385	0.121335555	0.126683249	0.125147933	0.123156403	0.126829154	0.130057131	0.13436148	0.158598014	0.181478174	0.206602742	0.372123801
20211018	0.08321405	0.081594874	0.077599127	0.086360212	0.088495069	0.090810665	0.090607048	0.098858815	0.10980761	0.118211934	0.123621366	0.121580948	0.120927747	0.12486023	0.12828054	0.13236871	0.155787647	0.177041715	0.207300851	0.354897166
20211015	0.08321405	0.081147559	0.07853181	0.086360212	0.088303106	0.090200468	0.090036349	0.097676288	0.10753224	0.115302105	0.119337921	0.118989718	0.118225102	0.121479997	0.123904013	0.127299132	0.148726414	0.170166657	0.198998997	0.322224032
20211014	0.083907184	0.082735335	0.080210637	0.085978931	0.088303106	0.09028009	0.08996582	0.098504527	0.108481807	0.115867857	0.120440717	0.121084428	0.120374319	0.123997923	0.126298478	0.129698423	0.150603004	0.175424052	0.201682707	0.327584778
20211013	0.083988134	0.082765325	0.080210637	0.085978931	0.088495069	0.09028009	0.090255782	0.099469206	0.109306282	0.116641488	0.122457647	0.123579181	0.121456018	0.125636457	0.128031378	0.131584413	0.153706724	0.177922223	0.200733684	0.367406269
20211012	0.08321405	0.081864216	0.078345273	0.085978931	0.088495069	0.089991446	0.090063937	0.099703887	0.109159533	0.115940701	0.12080927	0.121061437	0.120589903	0.123985944	0.12622593	0.129622854	0.149146037	0.177128809	0.203801023	0.330606694
20211011	0.083988134	0.082956469	0.080397173	0.086169571	0.088687032	0.089973913	0.090066393	0.098285291	0.106301432	0.114863289	0.119329633	0.118176265	0.118947871	0.122663232	0.124925403	0.128110804	0.14749086	0.175835105	0.201872104	0.375898641
20211008	0.08321405	0.082928601	0.082076	0.085597649	0.087343289	0.089014537	0.089111038	0.099325515	0.107521241	0.116232828	0.121226424	0.12140004	0.119974729	0.125332183	0.128090409	0.131746664	0.152131156	0.181511519	0.210996207	0.3431129
20211007	0.083367105	0.082654767	0.082076	0.085597649	0.087343289	0.088994229	0.088800487	0.09755842	0.104806	0.114299297	0.119877876	0.119606664	0.118080743	0.124228348	0.127245032	0.131033412	0.150418651	0.177422755	0.206650264	0.327636177
20211006	0.08321405	0.082383037	0.081143319	0.084263164	0.086383472	0.088014098	0.08794897	0.096025119	0.103124935	0.111934624	0.116399642	0.115279944	0.115733839	0.119295756	0.122280886	0.126116443	0.146156706	0.169342282	0.190277622	0.313221572
20211005	0.08321405	0.081850836	0.079277955	0.084263164	0.086383472	0.088004759	0.087564875	0.095473607	0.103055863	0.111730831	0.115605815	0.114061715	0.115026177	0.118367183	0.121064575	0.124753758	0.145973865	0.166638106	0.185784714	0.305408907
20211004	0.08321405	0.080840506	0.077785664	0.084072524	0.08619151	0.087999071	0.088144004	0.094439192	0.102017349	0.110169117	0.113834587	0.112234528	0.113136671	0.116956611	0.119721395	0.123376145	0.143898454	0.164326282	0.183731101	0.294442531
20211001	0.08321405	0.078753539	0.07647991	0.081594195	0.083120097	0.087065769	0.08775962	0.094254307	0.101511611	0.109544269	0.113604589	0.112476293	0.113461687	0.116995526	0.119751449	0.123389096	0.144498618	0.164985516	0.184678577	0.295977928
20210930	0.08321405	0.079947214	0.07647991	0.081403555	0.083120097	0.086995758	0.087239515	0.094108247	0.100389641	0.108746751	0.113342547	0.112781479	0.113790155	0.117327361	0.120077069	0.123847313	0.145707281	0.166599999	0.185693457	0.325897579
20210929	0.08321405	0.080280454	0.07647991	0.081403555	0.083120097	0.086202924	0.086546629	0.093533392	0.100451206	0.108444167	0.112113735	0.112304758	0.113109134	0.11688386	0.120029413	0.124116009	0.147190705	0.170712257	0.195064362	0.312600144
20210928	0.08321405	0.079667455	0.0738684	0.080259711	0.082928134	0.084625566	0.086613213	0.092030909	0.098495527	0.106922466	0.111086494	0.110554156	0.111733132	0.116158957	0.118904915	0.122646272	0.144623509	0.168619074	0.194319087	0.303424442
20210927	0.08321405	0.079777975	0.073495327	0.080259711	0.082928134	0.084624751	0.086226547	0.091206869	0.097995514	0.106229934	0.110388347	0.110632013	0.11187783	0.115967933	0.118529164	0.122058708	0.143940625	0.16828728	0.198208417	0.294941478
20210924	0.08199984	0.079980645	0.074614546	0.08006907	0.082928134	0.08442697	0.08390655	0.088955908	0.096980348	0.103723978	0.106474308	0.107089748	0.108461703	0.111610584	0.113969438	0.117457804	0.137862408	0.156414364	0.184330355	0.273083493
20210923	0.08321405	0.080280454	0.073495327	0.079497149	0.08216028	0.084067266	0.083902006	0.088447404	0.096150652	0.103044648	0.105510837	0.105015371	0.106717852	0.110239205	0.112014624	0.115080446	0.135410013	0.151535485	0.177770806	0.268946596
20210922	0.08321405	0.080553522	0.073308792	0.079497149	0.081776355	0.084071382	0.083902219	0.088352289	0.096285484	0.103369271	0.105554734	0.105964772	0.107561204	0.109698535	0.111445762	0.114706455	0.134769777	0.151708659	0.177958497	0.27528152
20210921	0.08321405	0.078494959	0.073122255	0.078734586	0.081200464	0.083678964	0.083130588	0.087694155	0.096168006	0.101982429	0.104336369	0.104853366	0.105659076	0.108407127	0.110489709	0.11385468	0.133742912	0.152628759	0.17605382	0.271479832
20210920	0.08321405	0.076622533	0.073308792	0.079115867	0.081584391	0.083873115	0.083323748	0.086921021	0.094366816	0.101241628	0.103315893	0.103258148	0.104048784	0.106484186	0.108692163	0.112081998	0.13224294	0.150427448	0.173142236	0.272092663
20210917	0.08147236	0.077439482	0.073308792	0.079115867	0.081584391	0.085153267	0.083687155	0.087662838	0.094262605	0.100925366	0.103549155	0.103697866	0.10429458	0.106164732	0.108280278	0.111728183	0.13093179	0.148405592	0.170550684	0.268068089
20210915	0.08321405	0.077795582	0.072749182	0.079115867	0.083504024	0.087059983	0.086220534	0.087242791	0.094259635	0.100318633	0.103735206	0.103990707	0.104331787	0.106212842	0.107768013	0.110780444	0.130231003	0.14689279	0.166748095	0.267751257
20210914	0.08321405	0.078209639	0.072749182	0.079115867	0.08446384	0.087374546	0.087765845	0.088824777	0.095951248	0.102470234	0.1055212	0.105263285	0.105535142	0.107191434	0.10891143	0.112084569	0.13029201	0.14560799	0.161717275	0.271775791
20210913	0.0814401	0.078041336	0.072749182	0.081212914	0.085423656	0.087864389	0.088346637	0.090503378	0.097835119	0.10328437	0.105571158	0.104641904	0.10507069	0.106726437	0.10872114	0.111938926	0.128602629	0.141564061	0.15950824	0.256869238
20210910	0.081839276	0.078839458	0.071629964	0.081594195	0.085807583	0.087815987	0.088493338	0.08998557	0.098034326	0.102970539	0.105414504	0.10463835	0.104636581	0.105703965	0.107206069	0.110077479	0.127840492	0.140701838	0.157424616	0.252869365
20210909	0.08321405	0.079133591	0.071629964	0.081594195	0.08561562	0.088733019	0.088926985	0.089948426	0.097808962	0.102961032	0.105560878	0.104464346	0.104135114	0.105160904	0.10682046	0.109892327	0.126750243	0.139495743	0.15507683	0.243698914
20210908	0.08321405	0.079450125	0.072003036	0.083119321	0.08561562	0.088702381	0.089313515	0.091410991	0.099229778	0.105054806	0.107341716	0.106895364	0.106172711	0.107429427	0.108830155	0.111601099	0.128815641	0.140534371	0.154911334	0.260376535
20210907	0.08321405	0.079376554	0.071629964	0.082738039	0.08561562	0.088687393	0.089508163	0.092399254	0.09949766	0.105997992	0.10785711	0.107557458	0.106579663	0.107745041	0.109383916	0.112295765	0.128776959	0.140995568	0.153838285	0.247930782
20210906	0.08321405	0.079782256	0.077226055	0.083500602	0.087343289	0.089146366	0.089701496	0.092301716	0.099737118	0.105632653	0.107346621	0.107015429	0.106329532	0.107306104	0.108550659	0.111124915	0.127048918	0.140452196	0.152330742	0.245004593
20210903	0.08296104	0.081102316	0.077226055	0.08292868	0.087350143	0.089126213	0.089666329	0.092699104	0.099866406	0.105653583	0.107975692	0.108162452	0.107345472	0.107775789	0.108909461	0.111492443	0.127563685	0.140650134	0.152609405	0.245635099
20210902	0.08321405	0.081427318	0.077226055	0.083881883	0.087354731	0.089119379	0.089702114	0.092332663	0.099554942	0.105046427	0.107854783	0.107521903	0.10660053	0.10729226	0.108460085	0.111090718	0.126807026	0.139178851	0.151681411	0.249210746
20210901	0.08321405	0.080265965	0.075174155	0.081022274	0.087151326	0.089316811	0.090088646	0.091857196	0.099824894	0.105318029	0.107548894	0.107476439	0.106848927	0.107115052	0.108146105	0.110767481	0.125655247	0.137375419	0.1519751	0.244700642
20210831	0.08321405	0.080742984	0.075174155	0.08006907	0.086767399	0.089440038	0.090088799	0.091859711	0.099560702	0.105262701	0.107418443	0.107007141	0.106771692	0.107377462	0.108329331	0.110800231	0.126762244	0.138441828	0.150811072	0.247781933